0 0 1
1 0 1
2 0 1
3 0 1
4 0 1
5 0 1
6 0 1
7 0 1
8 0 1
9 0 1
10 0 1
11 0 1
12 0 1
13 0 1
14 0 1
15 0 1
16 0 1
17 0 1
18 0 1
19 0 1
20 0 1
21 0 1
22 0 1
23 0 1
24 0 1
25 0 1
26 0 1
27 0 1
28 0 1
29 0 1
30 0 1
31 0 1
32 0 1
33 0 1
34 0 1
35 0 1
36 0 1
37 0 1
38 0 1
39 0 1
40 0 1
41 0 1
42 0 1
43 0 1
44 0 1
45 0 1
46 0 1
47 0 1
48 0 1
49 0 1
50 0 1
51 0 1
52 0 1
53 0 1
54 0 1
55 0 1
56 0 1
57 0 1
58 0 1
59 0 1
60 0 1
61 0 1
62 0 1
63 0 1
64 0 1
65 0 1
66 0 1
67 0 1
68 0 1
69 0 1
70 0 1
71 0 1
72 0 1
73 0 1
74 0 1
75 0 1
76 0 1
77 0 1
78 0 1
79 0 1
80 0 1
81 0 1
82 0 1
83 0 1
84 0 1
85 0 1
86 0 1
87 0 1
88 0 1
89 0 1
90 0 1
91 0 1
92 0 1
93 0 1
94 0 1
95 0 1
96 0 1
97 0 1
98 0 1
99 0 1
100 0 1
101 0 1
102 0 1
103 0 1
104 0 1
105 0 1
106 0 1
107 0 1
108 0 1
109 0 1
110 0 1
111 0 1
112 0 1
113 0 1
114 0 1
115 0 1
116 0 1
117 0 1
118 0 1
119 0 1
120 0 1
121 0 1
122 0 1
123 0 1
124 0 1
125 0 1
126 0 1
127 0 1
128 0 1
129 0 1
130 0 1
131 0 1
132 0 1
133 0 1
134 0 1
135 0 1
136 0 1
137 0 1
138 0 1
139 0 1
140 0 1
141 0 1
142 0 1
143 0 1
144 0 1
145 0 1
146 0 1
147 0 1
148 0 1
149 0 1
150 0 1
151 0 1
152 0 1
153 0 1
154 0 1
155 0 1
156 0 1
157 0 1
158 0 1
159 0 1
160 0 1
161 0 1
162 0 1
163 0 1
164 0 1
165 0 1
166 0 1
167 0 1
168 0 1
169 0 1
170 0 1
171 0 1
172 0 1
173 0 1
174 0 1
175 0 1
176 0 1
177 0 1
178 0 1
179 0 1
180 0 1
181 0 1
182 0 1
183 0 1
184 0 1
185 0 1
186 0 1
187 0 1
188 0 1
189 0 1
190 0 1
191 0 1
192 0 1
193 0 1
194 0 1
195 0 1
196 0 1
197 0 1
198 0 1
199 0 1
200 0 1
201 0 1
202 0 1
203 0 1
204 0 1
205 0 1
206 0 1
207 0 1
208 0 1
209 0 1
210 0 1
211 0 1
212 0 1
213 0 1
214 0 1
215 0 1
216 0 1
217 0 1
218 0 1
219 0 1
220 0 1
221 0 1
222 0 1
223 0 1
224 0 1
225 0 1
226 0 1
227 0 1
228 0 1
229 0 1
230 0 1
231 0 1
232 0 1
233 0 1
234 0 1
235 0 1
236 0 1
237 0 1
238 0 1
239 0 1
240 0 1
241 0 1
242 0 1
243 0 1
244 0 1
245 0 1
246 0 1
247 0 1
248 0 1
249 0 1
250 0 1
251 0 1
252 0 1
253 0 1
254 0 1
255 0 1
256 0 1
257 0 1
258 0 1
259 0 1
260 0 1
261 0 1
262 0 1
263 0 1
264 0 1
265 0 1
266 0 1
267 0 1
268 0 1
269 0 1
270 0 1
271 0 1
272 0 1
273 0 1
274 0 1
275 0 1
276 0 1
277 0 1
278 0 1
279 0 1
280 0 1
281 0 1
282 0 1
283 0 1
284 0 1
285 0 1
286 0 1
287 0 1
288 0 1
289 0 1
290 0 1
291 0 1
292 0 1
293 0 1
294 0 1
295 0 1
296 0 1
297 0 1
298 0 1
299 0 1
300 0 1
301 0 1
302 0 1
303 0 1
304 0 1
305 0 1
306 0 1
307 0 1
308 0 1
309 0 1
310 0 1
311 0 1
312 0 1
313 0 1
314 0 1
315 0 1
316 0 1
317 0 1
318 0 1
319 0 1
320 0 1
321 0 1
322 0 1
323 0 1
324 0 1
325 0 1
326 0 1
327 0 1
328 0 1
329 0 1
330 0 1
331 0 1
332 0 1
333 0 1
334 0 1
335 0 1
336 0 1
337 0 1
338 0 1
339 0 1
340 0 1
341 0 1
342 0 1
343 0 1
344 0 1
345 0 1
346 0 1
347 0 1
348 0 1
349 0 1
350 0 1
351 0 1
352 0 1
353 0 1
354 0 1
355 0 1
356 0 1
357 0 1
358 0 1
359 0 1
360 0 1
361 0 1
362 0 1
363 0 1
364 0 1
365 0 1
366 0 1
367 0 1
368 0 1
369 0 1
370 0 1
371 0 1
372 0 1
373 0 1
374 0 1
375 0 1
376 0 1
377 0 1
378 0 1
379 0 1
380 0 1
381 0 1
382 0 1
383 0 1
384 0 1
385 0 1
386 0 1
387 0 1
388 0 1
389 0 1
390 0 1
391 0 1
392 0 1
393 0 1
394 0 1
395 0 1
396 0 1
397 0 1
398 0 1
399 0 1
400 0 1
401 0 1
402 0 1
403 0 1
404 0 1
405 0 1
406 0 1
407 0 1
408 0 1
409 0 1
410 0 1
411 0 1
412 0 1
413 0 1
414 0 1
415 0 1
416 0 1
417 0 1
418 0 1
419 0 1
420 0 1
421 0 1
422 0 1
423 0 1
424 0 1
425 0 1
426 0 1
427 0 1
428 0 1
429 0 1
430 0 1
431 0 1
432 0 1
433 0 1
434 0 1
435 0 1
436 0 1
437 0 1
438 0 1
439 0 1
440 0 1
441 0 1
442 0 1
443 0 1
444 0 1
445 0 1
446 0 1
447 0 1
448 0 1
449 0 1
450 0 1
451 0 1
452 0 1
453 0 1
454 0 1
455 0 1
456 0 1
457 0 1
458 0 1
459 0 1
460 0 1
461 0 1
462 0 1
463 0 1
464 0 1
465 0 1
466 0 1
467 0 1
468 0 1
469 0 1
470 0 1
471 0 1
472 0 1
473 0 1
474 0 1
475 0 1
476 0 1
477 0 1
478 0 1
479 0 1
480 0 1
481 0 1
482 0 1
483 0 1
484 0 1
485 0 1
486 0 1
487 0 1
488 0 1
489 0 1
490 0 1
491 0 1
492 0 1
493 0 1
494 0 1
495 0 1
496 0 1
497 0 1
498 0 1
499 0 1
500 0 1
501 0 1
502 0 1
503 0 1
504 0 1
505 0 1
506 0 1
507 0 1
508 0 1
509 0 1
510 0 1
511 0 1
512 0 1
513 0 1
514 0 1
515 0 1
516 0 1
517 0 1
518 0 1
519 0 1
520 0 1
521 0 1
522 0 1
523 0 1
524 0 1
525 0 1
526 0 1
527 0 1
528 0 1
529 0 1
530 0 1
531 0 1
532 0 1
533 0 1
534 0 1
535 0 1
536 0 1
537 0 1
538 0 1
539 0 1
540 0 1
541 0 1
542 0 1
543 0 1
544 0 1
545 0 1
546 0 1
547 0 1
548 0 1
549 0 1
550 0 1
551 0 1
552 0 1
553 0 1
554 0 1
555 0 1
556 0 1
557 0 1
558 0 1
559 0 1
560 0 1
561 0 1
562 0 1
563 0 1
564 0 1
565 0 1
566 0 1
567 0 1
568 0 1
569 0 1
570 0 1
571 0 1
572 0 1
573 0 1
574 0 1
575 0 1
576 0 1
577 0 1
578 0 1
579 0 1
580 0 1
581 0 1
582 0 1
583 0 1
584 0 1
585 0 1
586 0 1
587 0 1
588 0 1
589 0 1
590 0 1
591 0 1
592 0 1
593 0 1
594 0 1
595 0 1
596 0 1
597 0 1
598 0 1
599 0 1
600 0 1
601 0 1
602 0 1
603 0 1
604 0 1
605 0 1
606 0 1
607 0 1
608 0 1
609 0 1
610 0 1
611 0 1
612 0 1
613 0 1
614 0 1
615 0 1
616 0 1
617 0 1
618 0 1
619 0 1
620 0 1
621 0 1
622 0 1
623 0 1
624 0 1
625 0 1
626 0 1
627 0 1
628 0 1
629 0 1
630 0 1
631 0 1
632 0 1
633 0 1
634 0 1
635 0 1
636 0 1
637 0 1
638 0 1
639 0 1
640 0 1
641 0 1
642 0 1
643 0 1
644 0 1
645 0 1
646 0 1
647 0 1
648 0 1
649 0 1
650 0 1
651 0 1
652 0 1
653 0 1
654 0 1
655 0 1
656 0 1
657 0 1
658 0 1
659 0 1
660 0 1
661 0 1
662 0 1
663 0 1
664 0 1
665 0 1
666 0 1
667 0 1
668 0 1
669 0 1
670 0 1
671 0 1
672 0 1
673 0 1
674 0 1
675 0 1
676 0 1
677 0 1
678 0 1
679 0 1
680 0 1
681 0 1
682 0 1
683 0 1
684 0 1
685 0 1
686 0 1
687 0 1
688 0 1
689 0 1
690 0 1
691 0 1
692 0 1
693 0 1
694 0 1
695 0 1
696 0 1
697 0 1
698 0 1
699 0 1
700 0 1
701 0 1
702 0 1
703 0 1
704 0 1
705 0 1
706 0 1
707 0 1
708 0 1
709 0 1
710 0 1
711 0 1
712 0 1
713 0 1
714 0 1
715 0 1
716 0 1
717 0 1
718 0 1
719 0 1
720 0 1
721 0 1
722 0 1
723 0 1
724 0 1
725 0 1
726 0 1
727 0 1
728 0 1
729 0 1
730 0 1
731 0 1
732 0 1
733 0 1
734 0 1
735 0 1
736 0 1
737 0 1
738 0 1
739 0 1
740 0 1
741 0 1
742 0 1
743 0 1
744 0 1
745 0 1
746 0 1
747 0 1
748 0 1
749 0 1
750 0 1
751 0 1
752 0 1
753 0 1
754 0 1
755 0 1
756 0 1
757 0 1
758 0 1
759 0 1
760 0 1
761 0 1
762 0 1
763 0 1
764 0 1
765 0 1
766 0 1
767 0 1
768 0 1
769 0 1
770 0 1
771 0 1
772 0 1
773 0 1
774 0 1
775 0 1
776 0 1
777 0 1
778 0 1
779 0 1
780 0 1
781 0 1
782 0 1
783 0 1
784 0 1
785 0 1
786 0 1
787 0 1
788 0 1
789 0 1
790 0 1
791 0 1
792 0 1
793 0 1
794 0 1
795 0 1
796 0 1
797 0 1
798 0 1
799 0 1
800 0 1
801 0 1
802 0 1
803 0 1
804 0 1
805 0 1
806 0 1
807 0 1
808 0 1
809 0 1
810 0 1
811 0 1
812 0 1
813 0 1
814 0 1
815 0 1
816 0 1
817 0 1
818 0 1
819 0 1
820 0 1
821 0 1
822 0 1
823 0 1
824 0 1
825 0 1
826 0 1
827 0 1
828 0 1
829 0 1
830 0 1
831 0 1
832 0 1
833 0 1
834 0 1
835 0 1
836 0 1
837 0 1
838 0 1
839 0 1
840 0 1
841 0 1
842 0 1
843 0 1
844 0 1
845 0 1
846 0 1
847 0 1
848 0 1
849 0 1
850 0 1
851 0 1
852 0 1
853 0 1
854 0 1
855 0 1
856 0 1
857 0 1
858 0 1
859 0 1
860 0 1
861 0 1
862 0 1
863 0 1
864 0 1
865 0 1
866 0 1
867 0 1
868 0 1
869 0 1
870 0 1
871 0 1
872 0 1
873 0 1
874 0 1
875 0 1
876 0 1
877 0 1
878 0 1
879 0 1
880 0 1
881 0 1
882 0 1
883 0 1
884 0 1
885 0 1
886 0 1
887 0 1
888 0 1
889 0 1
890 0 1
891 0 1
892 0 1
893 0 1
894 0 1
895 0 1
896 0 1
897 0 1
898 0 1
899 0 1
900 0 1
901 0 1
902 0 1
903 0 1
904 0 1
905 0 1
906 0 1
907 0 1
908 0 1
909 0 1
910 0 1
911 0 1
912 0 1
913 0 1
914 0 1
915 0 1
916 0 1
917 0 1
918 0 1
919 0 1
920 0 1
921 0 1
922 0 1
923 0 1
924 0 1
925 0 1
926 0 1
927 0 1
928 0 1
929 0 1
930 0 1
931 0 1
932 0 1
933 0 1
934 0 1
935 0 1
936 0 1
937 0 1
938 0 1
939 0 1
940 0 1
941 0 1
942 0 1
943 0 1
944 0 1
945 0 1
946 0 1
947 0 1
948 0 1
949 0 1
950 0 1
951 0 1
952 0 1
953 0 1
954 0 1
955 0 1
956 0 1
957 0 1
958 0 1
959 0 1
960 0 1
961 0 1
962 0 1
963 0 1
964 0 1
965 0 1
966 0 1
967 0 1
968 0 1
969 0 1
970 0 1
971 0 1
972 0 1
973 0 1
974 0 1
975 0 1
976 0 1
977 0 1
978 0 1
979 0 1
980 0 1
981 0 1
982 0 1
983 0 1
984 0 1
985 0 1
986 0 1
987 0 1
988 0 1
989 0 1
990 0 1
991 0 1
992 0 1
993 0 1
994 0 1
995 0 1
996 0 1
997 0 1
998 0 1
999 0 1
1000 0 1
1001 0 1
1002 0 1
1003 0 1
1004 0 1
1005 0 1
1006 0 1
1007 0 1
1008 0 1
1009 0 1
1010 0 1
1011 0 1
1012 0 1
1013 0 1
1014 0 1
1015 0 1
1016 0 1
1017 0 1
1018 0 1
1019 0 1
1020 0 1
1021 0 1
1022 0 1
1023 0 1
1024 0 1
1025 0 1
1026 0 1
1027 0 1
1028 0 1
1029 0 1
1030 0 1
1031 0 1
1032 0 1
1033 0 1
1034 0 1
1035 0 1
1036 0 1
1037 0 1
1038 0 1
1039 0 1
1040 0 1
1041 0 1
1042 0 1
1043 0 1
1044 0 1
1045 0 1
1046 0 1
1047 0 1
1048 0 1
1049 0 1
1050 0 1
1051 0 1
1052 0 1
1053 0 1
1054 0 1
1055 0 1
1056 0 1
1057 0 1
1058 0 1
1059 0 1
1060 0 1
1061 0 1
1062 0 1
1063 0 1
1064 0 1
1065 0 1
1066 0 1
1067 0 1
1068 0 1
1069 0 1
1070 0 1
1071 0 1
1072 0 1
1073 0 1
1074 0 1
1075 0 1
1076 0 1
1077 0 1
1078 0 1
1079 0 1
1080 0 1
1081 0 1
1082 0 1
1083 0 1
1084 0 1
1085 0 1
1086 0 1
1087 0 1
1088 0 1
1089 0 1
1090 0 1
1091 0 1
1092 0 1
1093 0 1
1094 0 1
1095 0 1
1096 0 1
1097 0 1
1098 0 1
1099 0 1
1100 0 1
1101 0 1
1102 0 1
1103 0 1
1104 0 1
1105 0 1
1106 0 1
1107 0 1
1108 0 1
1109 0 1
1110 0 1
1111 0 1
1112 0 1
1113 0 1
1114 0 1
1115 0 1
1116 0 1
1117 0 1
1118 0 1
1119 0 1
1120 0 1
1121 0 1
1122 0 1
1123 0 1
1124 0 1
1125 0 1
1126 0 1
1127 0 1
1128 0 1
1129 0 1
1130 0 1
1131 0 1
1132 0 1
1133 0 1
1134 0 1
1135 0 1
1136 0 1
1137 0 1
1138 0 1
1139 0 1
1140 0 1
1141 0 1
1142 0 1
1143 0 1
1144 0 1
1145 0 1
1146 0 1
1147 0 1
1148 0 1
1149 0 1
1150 0 1
1151 0 1
1152 0 1
1153 0 1
1154 0 1
1155 0 1
1156 0 1
1157 0 1
1158 0 1
1159 0 1
1160 0 1
1161 0 1
1162 0 1
1163 0 1
1164 0 1
1165 0 1
1166 0 1
1167 0 1
1168 0 1
1169 0 1
1170 0 1
1171 0 1
1172 0 1
1173 0 1
1174 0 1
1175 0 1
1176 0 1
1177 0 1
1178 0 1
1179 0 1
1180 0 1
1181 0 1
1182 0 1
1183 0 1
1184 0 1
1185 0 1
1186 0 1
1187 0 1
1188 0 1
1189 0 1
1190 0 1
1191 0 1
1192 0 1
1193 0 1
1194 0 1
1195 0 1
1196 0 1
1197 0 1
1198 0 1
1199 0 1
1200 0 1
1201 0 1
1202 0 1
1203 0 1
1204 0 1
1205 0 1
1206 0 1
1207 0 1
1208 0 1
1209 0 1
1210 0 1
1211 0 1
1212 0 1
1213 0 1
1214 0 1
1215 0 1
1216 0 1
1217 0 1
1218 0 1
1219 0 1
1220 0 1
1221 0 1
1222 0 1
1223 0 1
1224 0 1
1225 0 1
1226 0 1
1227 0 1
1228 0 1
1229 0 1
1230 0 1
1231 0 1
1232 0 1
1233 0 1
1234 0 1
1235 0 1
1236 0 1
1237 0 1
1238 0 1
1239 0 1
1240 0 1
1241 0 1
1242 0 1
1243 0 1
1244 0 1
1245 0 1
1246 0 1
1247 0 1
1248 0 1
1249 0 1
1250 0 1
1251 0 1
1252 0 1
1253 0 1
1254 0 1
1255 0 1
1256 0 1
1257 0 1
1258 0 1
1259 0 1
1260 0 1
1261 0 1
1262 0 1
1263 0 1
1264 0 1
1265 0 1
1266 0 1
1267 0 1
1268 0 1
1269 0 1
1270 0 1
1271 0 1
1272 0 1
1273 0 1
1274 0 1
1275 0 1
1276 0 1
1277 0 1
1278 0 1
1279 0 1
1280 0 1
1281 0 1
1282 0 1
1283 0 1
1284 0 1
1285 0 1
1286 0 1
1287 0 1
1288 0 1
1289 0 1
1290 0 1
1291 0 1
1292 0 1
1293 0 1
1294 0 1
1295 0 1
1296 0 1
1297 0 1
1298 0 1
1299 0 1
1300 0 1
1301 0 1
1302 0 1
1303 0 1
1304 0 1
1305 0 1
1306 0 1
1307 0 1
1308 0 1
1309 0 1
1310 0 1
1311 0 1
1312 0 1
1313 0 1
1314 0 1
1315 0 1
1316 0 1
1317 0 1
1318 0 1
1319 0 1
1320 0 1
1321 0 1
1322 0 1
1323 0 1
1324 0 1
1325 0 1
1326 0 1
1327 0 1
1328 0 1
1329 0 1
1330 0 1
1331 0 1
1332 0 1
1333 0 1
1334 0 1
1335 0 1
1336 0 1
1337 0 1
1338 0 1
1339 0 1
1340 0 1
1341 0 1
1342 0 1
1343 0 1
1344 0 1
1345 0 1
1346 0 1
1347 0 1
1348 0 1
1349 0 1
1350 0 1
1351 0 1
1352 0 1
1353 0 1
1354 0 1
1355 0 1
1356 0 1
1357 0 1
1358 0 1
1359 0 1
1360 0 1
1361 0 1
1362 0 1
1363 0 1
1364 0 1
1365 0 1
1366 0 1
1367 0 1
1368 0 1
1369 0 1
1370 0 1
1371 0 1
1372 0 1
1373 0 1
1374 0 1
1375 0 1
1376 0 1
1377 0 1
1378 0 1
1379 0 1
1380 0 1
1381 0 1
1382 0 1
1383 0 1
1384 0 1
1385 0 1
1386 0 1
1387 0 1
1388 0 1
1389 0 1
1390 0 1
1391 0 1
1392 0 1
1393 0 1
1394 0 1
1395 0 1
1396 0 1
1397 0 1
1398 0 1
1399 0 1
1400 0 1
1401 0 1
1402 0 1
1403 0 1
1404 0 1
1405 0 1
1406 0 1
1407 0 1
1408 0 1
1409 0 1
1410 0 1
1411 0 1
1412 0 1
1413 0 1
1414 0 1
1415 0 1
1416 0 1
1417 0 1
1418 0 1
1419 0 1
1420 0 1
1421 0 1
1422 0 1
1423 0 1
1424 0 1
1425 0 1
1426 0 1
1427 0 1
1428 0 1
1429 0 1
1430 0 1
1431 0 1
1432 0 1
1433 0 1
1434 0 1
1435 0 1
1436 0 1
1437 0 1
1438 0 1
1439 0 1
1440 0 1
1441 0 1
1442 0 1
1443 0 1
1444 0 1
1445 0 1
1446 0 1
1447 0 1
1448 0 1
1449 0 1
1450 0 1
1451 0 1
1452 0 1
1453 0 1
1454 0 1
1455 0 1
1456 0 1
1457 0 1
1458 0 1
1459 0 1
1460 0 1
1461 0 1
1462 0 1
1463 0 1
1464 0 1
1465 0 1
1466 0 1
1467 0 1
1468 0 1
1469 0 1
1470 0 1
1471 0 1
1472 0 1
1473 0 1
1474 0 1
1475 0 1
1476 0 1
1477 0 1
1478 0 1
1479 0 1
1480 0 1
1481 0 1
1482 0 1
1483 0 1
1484 0 1
1485 0 1
1486 0 1
1487 0 1
1488 0 1
1489 0 1
1490 0 1
1491 0 1
1492 0 1
1493 0 1
1494 0 1
1495 0 1
1496 0 1
1497 0 1
1498 0 1
1499 0 1
1500 0 1
1501 0 1
1502 0 1
1503 0 1
1504 0 1
1505 0 1
1506 0 1
1507 0 1
1508 0 1
1509 0 1
1510 0 1
1511 0 1
1512 0 1
1513 0 1
1514 0 1
1515 0 1
1516 0 1
1517 0 1
1518 0 1
1519 0 1
1520 0 1
1521 0 1
1522 0 1
1523 0 1
1524 0 1
1525 0 1
1526 0 1
1527 0 1
1528 0 1
1529 0 1
1530 0 1
1531 0 1
1532 0 1
1533 0 1
1534 0 1
1535 0 1
1536 0 1
1537 0 1
1538 0 1
1539 0 1
1540 0 1
1541 0 1
1542 0 1
1543 0 1
1544 0 1
1545 0 1
1546 0 1
1547 0 1
1548 0 1
1549 0 1
1550 0 1
1551 0 1
1552 0 1
1553 0 1
1554 0 1
1555 0 1
1556 0 1
1557 0 1
1558 0 1
1559 0 1
1560 0 1
1561 0 1
1562 0 1
1563 0 1
1564 0 1
1565 0 1
1566 0 1
1567 0 1
1568 0 1
1569 0 1
1570 0 1
1571 0 1
1572 0 1
1573 0 1
1574 0 1
1575 0 1
1576 0 1
1577 0 1
1578 0 1
1579 0 1
1580 0 1
1581 0 1
1582 0 1
1583 0 1
1584 0 1
1585 0 1
1586 0 1
1587 0 1
1588 0 1
1589 0 1
1590 0 1
1591 0 1
1592 0 1
1593 0 1
1594 0 1
1595 0 1
1596 0 1
1597 0 1
1598 0 1
1599 0 1
1600 0 1
1601 0 1
1602 0 1
1603 0 1
1604 0 1
1605 0 1
1606 0 1
1607 0 1
1608 0 1
1609 0 1
1610 0 1
1611 0 1
1612 0 1
1613 0 1
1614 0 1
1615 0 1
1616 0 1
1617 0 1
1618 0 1
1619 0 1
1620 0 1
1621 0 1
1622 0 1
1623 0 1
1624 0 1
1625 0 1
1626 0 1
1627 0 1
1628 0 1
1629 0 1
1630 0 1
1631 0 1
1632 0 1
1633 0 1
1634 0 1
1635 0 1
1636 0 1
1637 0 1
1638 0 1
1639 0 1
1640 0 1
1641 0 1
1642 0 1
1643 0 1
1644 0 1
1645 0 1
1646 0 1
1647 0 1
1648 0 1
1649 0 1
1650 0 1
1651 0 1
1652 0 1
1653 0 1
1654 0 1
1655 0 1
1656 0 1
1657 0 1
1658 0 1
1659 0 1
1660 0 1
1661 0 1
1662 0 1
1663 0 1
1664 0 1
1665 0 1
1666 0 1
1667 0 1
1668 0 1
1669 0 1
1670 0 1
1671 0 1
1672 0 1
1673 0 1
1674 0 1
1675 0 1
1676 0 1
1677 0 1
1678 0 1
1679 0 1
1680 0 1
1681 0 1
1682 0 1
1683 0 1
1684 0 1
1685 0 1
1686 0 1
1687 0 1
1688 0 1
1689 0 1
1690 0 1
1691 0 1
1692 0 1
1693 0 1
1694 0 1
1695 0 1
1696 0 1
1697 0 1
1698 0 1
1699 0 1
1700 0 1
1701 0 1
1702 0 1
1703 0 1
1704 0 1
1705 0 1
1706 0 1
1707 0 1
1708 0 1
1709 0 1
1710 0 1
1711 0 1
1712 0 1
1713 0 1
1714 0 1
1715 0 1
1716 0 1
1717 0 1
1718 0 1
1719 0 1
1720 0 1
1721 0 1
1722 0 1
1723 0 1
1724 0 1
1725 0 1
1726 0 1
1727 0 1
1728 0 1
1729 0 1
1730 0 1
1731 0 1
1732 0 1
1733 0 1
1734 0 1
1735 0 1
1736 0 1
1737 0 1
1738 0 1
1739 0 1
1740 0 1
1741 0 1
1742 0 1
1743 0 1
1744 0 1
1745 0 1
1746 0 1
1747 0 1
1748 0 1
1749 0 1
1750 0 1
1751 0 1
1752 0 1
1753 0 1
1754 0 1
1755 0 1
1756 0 1
1757 0 1
1758 0 1
1759 0 1
1760 0 1
1761 0 1
1762 0 1
1763 0 1
1764 0 1
1765 0 1
1766 0 1
1767 0 1
1768 0 1
1769 0 1
1770 0 1
1771 0 1
1772 0 1
1773 0 1
1774 0 1
1775 0 1
1776 0 1
1777 0 1
1778 0 1
1779 0 1
1780 0 1
1781 0 1
1782 0 1
1783 0 1
1784 0 1
1785 0 1
1786 0 1
1787 0 1
1788 0 1
1789 0 1
1790 0 1
1791 0 1
1792 0 1
1793 0 1
1794 0 1
1795 0 1
1796 0 1
1797 0 1
1798 0 1
1799 0 1
1800 0 1
1801 0 1
1802 0 1
1803 0 1
1804 0 1
1805 0 1
1806 0 1
1807 0 1
1808 0 1
1809 0 1
1810 0 1
1811 0 1
1812 0 1
1813 0 1
1814 0 1
1815 0 1
1816 0 1
1817 0 1
1818 0 1
1819 0 1
1820 0 1
1821 0 1
1822 0 1
1823 0 1
1824 0 1
1825 0 1
1826 0 1
1827 0 1
1828 0 1
1829 0 1
1830 0 1
1831 0 1
1832 0 1
1833 0 1
1834 0 1
1835 0 1
1836 0 1
1837 0 1
1838 0 1
1839 0 1
1840 0 1
1841 0 1
1842 0 1
1843 0 1
1844 0 1
1845 0 1
1846 0 1
1847 0 1
1848 0 1
1849 0 1
1850 0 1
1851 0 1
1852 0 1
1853 0 1
1854 0 1
1855 0 1
1856 0 1
1857 0 1
1858 0 1
1859 0 1
1860 0 1
1861 0 1
1862 0 1
1863 0 1
1864 0 1
1865 0 1
1866 0 1
1867 0 1
1868 0 1
1869 0 1
1870 0 1
1871 0 1
1872 0 1
1873 0 1
1874 0 1
1875 0 1
1876 0 1
1877 0 1
1878 0 1
1879 0 1
1880 0 1
1881 0 1
1882 0 1
1883 0 1
1884 0 1
1885 0 1
1886 0 1
1887 0 1
1888 0 1
1889 0 1
1890 0 1
1891 0 1
1892 0 1
1893 0 1
1894 0 1
1895 0 1
1896 0 1
1897 0 1
1898 0 1
1899 0 1
1900 0 1
1901 0 1
1902 0 1
1903 0 1
1904 0 1
1905 0 1
1906 0 1
1907 0 1
1908 0 1
1909 0 1
1910 0 1
1911 0 1
1912 0 1
1913 0 1
1914 0 1
1915 0 1
1916 0 1
1917 0 1
1918 0 1
1919 0 1
1920 0 1
1921 0 1
1922 0 1
1923 0 1
1924 0 1
1925 0 1
1926 0 1
1927 0 1
1928 0 1
1929 0 1
1930 0 1
1931 0 1
1932 0 1
1933 0 1
1934 0 1
1935 0 1
1936 0 1
1937 0 1
1938 0 1
1939 0 1
1940 0 1
1941 0 1
1942 0 1
1943 0 1
1944 0 1
1945 0 1
1946 0 1
1947 0 1
1948 0 1
1949 0 1
1950 0 1
1951 0 1
1952 0 1
1953 0 1
1954 0 1
1955 0 1
1956 0 1
1957 0 1
1958 0 1
1959 0 1
1960 0 1
1961 0 1
1962 0 1
1963 0 1
1964 0 1
1965 0 1
1966 0 1
1967 0 1
1968 0 1
1969 0 1
1970 0 1
1971 0 1
1972 0 1
1973 0 1
1974 0 1
1975 0 1
1976 0 1
1977 0 1
1978 0 1
1979 0 1
1980 0 1
1981 0 1
1982 0 1
1983 0 1
1984 0 1
1985 0 1
1986 0 1
1987 0 1
1988 0 1
1989 0 1
1990 0 1
1991 0 1
1992 0 1
1993 0 1
1994 0 1
1995 0 1
1996 0 1
1997 0 1
1998 0 1
1999 0 1
2000 0 1
2001 0 1
2002 0 1
2003 0 1
2004 0 1
2005 0 1
2006 0 1
2007 0 1
2008 0 1
2009 0 1
2010 0 1
2011 0 1
2012 0 1
2013 0 1
2014 0 1
2015 0 1
2016 0 1
2017 0 1
2018 0 1
2019 0 1
2020 0 1
2021 0 1
2022 0 1
2023 0 1
2024 0 1
2025 0 1
2026 0 1
2027 0 1
2028 0 1
2029 0 1
2030 0 1
2031 0 1
2032 0 1
2033 0 1
2034 0 1
2035 0 1
2036 0 1
2037 0 1
2038 0 1
2039 0 1
2040 0 1
2041 0 1
2042 0 1
2043 0 1
2044 0 1
2045 0 1
2046 0 1
2047 0 1
0 1023 1
1 1023 1
2 1023 1
3 1023 1
4 1023 1
5 1023 1
6 1023 1
7 1023 1
8 1023 1
9 1023 1
10 1023 1
11 1023 1
12 1023 1
13 1023 1
14 1023 1
15 1023 1
16 1023 1
17 1023 1
18 1023 1
19 1023 1
20 1023 1
21 1023 1
22 1023 1
23 1023 1
24 1023 1
25 1023 1
26 1023 1
27 1023 1
28 1023 1
29 1023 1
30 1023 1
31 1023 1
32 1023 1
33 1023 1
34 1023 1
35 1023 1
36 1023 1
37 1023 1
38 1023 1
39 1023 1
40 1023 1
41 1023 1
42 1023 1
43 1023 1
44 1023 1
45 1023 1
46 1023 1
47 1023 1
48 1023 1
49 1023 1
50 1023 1
51 1023 1
52 1023 1
53 1023 1
54 1023 1
55 1023 1
56 1023 1
57 1023 1
58 1023 1
59 1023 1
60 1023 1
61 1023 1
62 1023 1
63 1023 1
64 1023 1
65 1023 1
66 1023 1
67 1023 1
68 1023 1
69 1023 1
70 1023 1
71 1023 1
72 1023 1
73 1023 1
74 1023 1
75 1023 1
76 1023 1
77 1023 1
78 1023 1
79 1023 1
80 1023 1
81 1023 1
82 1023 1
83 1023 1
84 1023 1
85 1023 1
86 1023 1
87 1023 1
88 1023 1
89 1023 1
90 1023 1
91 1023 1
92 1023 1
93 1023 1
94 1023 1
95 1023 1
96 1023 1
97 1023 1
98 1023 1
99 1023 1
100 1023 1
101 1023 1
102 1023 1
103 1023 1
104 1023 1
105 1023 1
106 1023 1
107 1023 1
108 1023 1
109 1023 1
110 1023 1
111 1023 1
112 1023 1
113 1023 1
114 1023 1
115 1023 1
116 1023 1
117 1023 1
118 1023 1
119 1023 1
120 1023 1
121 1023 1
122 1023 1
123 1023 1
124 1023 1
125 1023 1
126 1023 1
127 1023 1
128 1023 1
129 1023 1
130 1023 1
131 1023 1
132 1023 1
133 1023 1
134 1023 1
135 1023 1
136 1023 1
137 1023 1
138 1023 1
139 1023 1
140 1023 1
141 1023 1
142 1023 1
143 1023 1
144 1023 1
145 1023 1
146 1023 1
147 1023 1
148 1023 1
149 1023 1
150 1023 1
151 1023 1
152 1023 1
153 1023 1
154 1023 1
155 1023 1
156 1023 1
157 1023 1
158 1023 1
159 1023 1
160 1023 1
161 1023 1
162 1023 1
163 1023 1
164 1023 1
165 1023 1
166 1023 1
167 1023 1
168 1023 1
169 1023 1
170 1023 1
171 1023 1
172 1023 1
173 1023 1
174 1023 1
175 1023 1
176 1023 1
177 1023 1
178 1023 1
179 1023 1
180 1023 1
181 1023 1
182 1023 1
183 1023 1
184 1023 1
185 1023 1
186 1023 1
187 1023 1
188 1023 1
189 1023 1
190 1023 1
191 1023 1
192 1023 1
193 1023 1
194 1023 1
195 1023 1
196 1023 1
197 1023 1
198 1023 1
199 1023 1
200 1023 1
201 1023 1
202 1023 1
203 1023 1
204 1023 1
205 1023 1
206 1023 1
207 1023 1
208 1023 1
209 1023 1
210 1023 1
211 1023 1
212 1023 1
213 1023 1
214 1023 1
215 1023 1
216 1023 1
217 1023 1
218 1023 1
219 1023 1
220 1023 1
221 1023 1
222 1023 1
223 1023 1
224 1023 1
225 1023 1
226 1023 1
227 1023 1
228 1023 1
229 1023 1
230 1023 1
231 1023 1
232 1023 1
233 1023 1
234 1023 1
235 1023 1
236 1023 1
237 1023 1
238 1023 1
239 1023 1
240 1023 1
241 1023 1
242 1023 1
243 1023 1
244 1023 1
245 1023 1
246 1023 1
247 1023 1
248 1023 1
249 1023 1
250 1023 1
251 1023 1
252 1023 1
253 1023 1
254 1023 1
255 1023 1
256 1023 1
257 1023 1
258 1023 1
259 1023 1
260 1023 1
261 1023 1
262 1023 1
263 1023 1
264 1023 1
265 1023 1
266 1023 1
267 1023 1
268 1023 1
269 1023 1
270 1023 1
271 1023 1
272 1023 1
273 1023 1
274 1023 1
275 1023 1
276 1023 1
277 1023 1
278 1023 1
279 1023 1
280 1023 1
281 1023 1
282 1023 1
283 1023 1
284 1023 1
285 1023 1
286 1023 1
287 1023 1
288 1023 1
289 1023 1
290 1023 1
291 1023 1
292 1023 1
293 1023 1
294 1023 1
295 1023 1
296 1023 1
297 1023 1
298 1023 1
299 1023 1
300 1023 1
301 1023 1
302 1023 1
303 1023 1
304 1023 1
305 1023 1
306 1023 1
307 1023 1
308 1023 1
309 1023 1
310 1023 1
311 1023 1
312 1023 1
313 1023 1
314 1023 1
315 1023 1
316 1023 1
317 1023 1
318 1023 1
319 1023 1
320 1023 1
321 1023 1
322 1023 1
323 1023 1
324 1023 1
325 1023 1
326 1023 1
327 1023 1
328 1023 1
329 1023 1
330 1023 1
331 1023 1
332 1023 1
333 1023 1
334 1023 1
335 1023 1
336 1023 1
337 1023 1
338 1023 1
339 1023 1
340 1023 1
341 1023 1
342 1023 1
343 1023 1
344 1023 1
345 1023 1
346 1023 1
347 1023 1
348 1023 1
349 1023 1
350 1023 1
351 1023 1
352 1023 1
353 1023 1
354 1023 1
355 1023 1
356 1023 1
357 1023 1
358 1023 1
359 1023 1
360 1023 1
361 1023 1
362 1023 1
363 1023 1
364 1023 1
365 1023 1
366 1023 1
367 1023 1
368 1023 1
369 1023 1
370 1023 1
371 1023 1
372 1023 1
373 1023 1
374 1023 1
375 1023 1
376 1023 1
377 1023 1
378 1023 1
379 1023 1
380 1023 1
381 1023 1
382 1023 1
383 1023 1
384 1023 1
385 1023 1
386 1023 1
387 1023 1
388 1023 1
389 1023 1
390 1023 1
391 1023 1
392 1023 1
393 1023 1
394 1023 1
395 1023 1
396 1023 1
397 1023 1
398 1023 1
399 1023 1
400 1023 1
401 1023 1
402 1023 1
403 1023 1
404 1023 1
405 1023 1
406 1023 1
407 1023 1
408 1023 1
409 1023 1
410 1023 1
411 1023 1
412 1023 1
413 1023 1
414 1023 1
415 1023 1
416 1023 1
417 1023 1
418 1023 1
419 1023 1
420 1023 1
421 1023 1
422 1023 1
423 1023 1
424 1023 1
425 1023 1
426 1023 1
427 1023 1
428 1023 1
429 1023 1
430 1023 1
431 1023 1
432 1023 1
433 1023 1
434 1023 1
435 1023 1
436 1023 1
437 1023 1
438 1023 1
439 1023 1
440 1023 1
441 1023 1
442 1023 1
443 1023 1
444 1023 1
445 1023 1
446 1023 1
447 1023 1
448 1023 1
449 1023 1
450 1023 1
451 1023 1
452 1023 1
453 1023 1
454 1023 1
455 1023 1
456 1023 1
457 1023 1
458 1023 1
459 1023 1
460 1023 1
461 1023 1
462 1023 1
463 1023 1
464 1023 1
465 1023 1
466 1023 1
467 1023 1
468 1023 1
469 1023 1
470 1023 1
471 1023 1
472 1023 1
473 1023 1
474 1023 1
475 1023 1
476 1023 1
477 1023 1
478 1023 1
479 1023 1
480 1023 1
481 1023 1
482 1023 1
483 1023 1
484 1023 1
485 1023 1
486 1023 1
487 1023 1
488 1023 1
489 1023 1
490 1023 1
491 1023 1
492 1023 1
493 1023 1
494 1023 1
495 1023 1
496 1023 1
497 1023 1
498 1023 1
499 1023 1
500 1023 1
501 1023 1
502 1023 1
503 1023 1
504 1023 1
505 1023 1
506 1023 1
507 1023 1
508 1023 1
509 1023 1
510 1023 1
511 1023 1
512 1023 1
513 1023 1
514 1023 1
515 1023 1
516 1023 1
517 1023 1
518 1023 1
519 1023 1
520 1023 1
521 1023 1
522 1023 1
523 1023 1
524 1023 1
525 1023 1
526 1023 1
527 1023 1
528 1023 1
529 1023 1
530 1023 1
531 1023 1
532 1023 1
533 1023 1
534 1023 1
535 1023 1
536 1023 1
537 1023 1
538 1023 1
539 1023 1
540 1023 1
541 1023 1
542 1023 1
543 1023 1
544 1023 1
545 1023 1
546 1023 1
547 1023 1
548 1023 1
549 1023 1
550 1023 1
551 1023 1
552 1023 1
553 1023 1
554 1023 1
555 1023 1
556 1023 1
557 1023 1
558 1023 1
559 1023 1
560 1023 1
561 1023 1
562 1023 1
563 1023 1
564 1023 1
565 1023 1
566 1023 1
567 1023 1
568 1023 1
569 1023 1
570 1023 1
571 1023 1
572 1023 1
573 1023 1
574 1023 1
575 1023 1
576 1023 1
577 1023 1
578 1023 1
579 1023 1
580 1023 1
581 1023 1
582 1023 1
583 1023 1
584 1023 1
585 1023 1
586 1023 1
587 1023 1
588 1023 1
589 1023 1
590 1023 1
591 1023 1
592 1023 1
593 1023 1
594 1023 1
595 1023 1
596 1023 1
597 1023 1
598 1023 1
599 1023 1
600 1023 1
601 1023 1
602 1023 1
603 1023 1
604 1023 1
605 1023 1
606 1023 1
607 1023 1
608 1023 1
609 1023 1
610 1023 1
611 1023 1
612 1023 1
613 1023 1
614 1023 1
615 1023 1
616 1023 1
617 1023 1
618 1023 1
619 1023 1
620 1023 1
621 1023 1
622 1023 1
623 1023 1
624 1023 1
625 1023 1
626 1023 1
627 1023 1
628 1023 1
629 1023 1
630 1023 1
631 1023 1
632 1023 1
633 1023 1
634 1023 1
635 1023 1
636 1023 1
637 1023 1
638 1023 1
639 1023 1
640 1023 1
641 1023 1
642 1023 1
643 1023 1
644 1023 1
645 1023 1
646 1023 1
647 1023 1
648 1023 1
649 1023 1
650 1023 1
651 1023 1
652 1023 1
653 1023 1
654 1023 1
655 1023 1
656 1023 1
657 1023 1
658 1023 1
659 1023 1
660 1023 1
661 1023 1
662 1023 1
663 1023 1
664 1023 1
665 1023 1
666 1023 1
667 1023 1
668 1023 1
669 1023 1
670 1023 1
671 1023 1
672 1023 1
673 1023 1
674 1023 1
675 1023 1
676 1023 1
677 1023 1
678 1023 1
679 1023 1
680 1023 1
681 1023 1
682 1023 1
683 1023 1
684 1023 1
685 1023 1
686 1023 1
687 1023 1
688 1023 1
689 1023 1
690 1023 1
691 1023 1
692 1023 1
693 1023 1
694 1023 1
695 1023 1
696 1023 1
697 1023 1
698 1023 1
699 1023 1
700 1023 1
701 1023 1
702 1023 1
703 1023 1
704 1023 1
705 1023 1
706 1023 1
707 1023 1
708 1023 1
709 1023 1
710 1023 1
711 1023 1
712 1023 1
713 1023 1
714 1023 1
715 1023 1
716 1023 1
717 1023 1
718 1023 1
719 1023 1
720 1023 1
721 1023 1
722 1023 1
723 1023 1
724 1023 1
725 1023 1
726 1023 1
727 1023 1
728 1023 1
729 1023 1
730 1023 1
731 1023 1
732 1023 1
733 1023 1
734 1023 1
735 1023 1
736 1023 1
737 1023 1
738 1023 1
739 1023 1
740 1023 1
741 1023 1
742 1023 1
743 1023 1
744 1023 1
745 1023 1
746 1023 1
747 1023 1
748 1023 1
749 1023 1
750 1023 1
751 1023 1
752 1023 1
753 1023 1
754 1023 1
755 1023 1
756 1023 1
757 1023 1
758 1023 1
759 1023 1
760 1023 1
761 1023 1
762 1023 1
763 1023 1
764 1023 1
765 1023 1
766 1023 1
767 1023 1
768 1023 1
769 1023 1
770 1023 1
771 1023 1
772 1023 1
773 1023 1
774 1023 1
775 1023 1
776 1023 1
777 1023 1
778 1023 1
779 1023 1
780 1023 1
781 1023 1
782 1023 1
783 1023 1
784 1023 1
785 1023 1
786 1023 1
787 1023 1
788 1023 1
789 1023 1
790 1023 1
791 1023 1
792 1023 1
793 1023 1
794 1023 1
795 1023 1
796 1023 1
797 1023 1
798 1023 1
799 1023 1
800 1023 1
801 1023 1
802 1023 1
803 1023 1
804 1023 1
805 1023 1
806 1023 1
807 1023 1
808 1023 1
809 1023 1
810 1023 1
811 1023 1
812 1023 1
813 1023 1
814 1023 1
815 1023 1
816 1023 1
817 1023 1
818 1023 1
819 1023 1
820 1023 1
821 1023 1
822 1023 1
823 1023 1
824 1023 1
825 1023 1
826 1023 1
827 1023 1
828 1023 1
829 1023 1
830 1023 1
831 1023 1
832 1023 1
833 1023 1
834 1023 1
835 1023 1
836 1023 1
837 1023 1
838 1023 1
839 1023 1
840 1023 1
841 1023 1
842 1023 1
843 1023 1
844 1023 1
845 1023 1
846 1023 1
847 1023 1
848 1023 1
849 1023 1
850 1023 1
851 1023 1
852 1023 1
853 1023 1
854 1023 1
855 1023 1
856 1023 1
857 1023 1
858 1023 1
859 1023 1
860 1023 1
861 1023 1
862 1023 1
863 1023 1
864 1023 1
865 1023 1
866 1023 1
867 1023 1
868 1023 1
869 1023 1
870 1023 1
871 1023 1
872 1023 1
873 1023 1
874 1023 1
875 1023 1
876 1023 1
877 1023 1
878 1023 1
879 1023 1
880 1023 1
881 1023 1
882 1023 1
883 1023 1
884 1023 1
885 1023 1
886 1023 1
887 1023 1
888 1023 1
889 1023 1
890 1023 1
891 1023 1
892 1023 1
893 1023 1
894 1023 1
895 1023 1
896 1023 1
897 1023 1
898 1023 1
899 1023 1
900 1023 1
901 1023 1
902 1023 1
903 1023 1
904 1023 1
905 1023 1
906 1023 1
907 1023 1
908 1023 1
909 1023 1
910 1023 1
911 1023 1
912 1023 1
913 1023 1
914 1023 1
915 1023 1
916 1023 1
917 1023 1
918 1023 1
919 1023 1
920 1023 1
921 1023 1
922 1023 1
923 1023 1
924 1023 1
925 1023 1
926 1023 1
927 1023 1
928 1023 1
929 1023 1
930 1023 1
931 1023 1
932 1023 1
933 1023 1
934 1023 1
935 1023 1
936 1023 1
937 1023 1
938 1023 1
939 1023 1
940 1023 1
941 1023 1
942 1023 1
943 1023 1
944 1023 1
945 1023 1
946 1023 1
947 1023 1
948 1023 1
949 1023 1
950 1023 1
951 1023 1
952 1023 1
953 1023 1
954 1023 1
955 1023 1
956 1023 1
957 1023 1
958 1023 1
959 1023 1
960 1023 1
961 1023 1
962 1023 1
963 1023 1
964 1023 1
965 1023 1
966 1023 1
967 1023 1
968 1023 1
969 1023 1
970 1023 1
971 1023 1
972 1023 1
973 1023 1
974 1023 1
975 1023 1
976 1023 1
977 1023 1
978 1023 1
979 1023 1
980 1023 1
981 1023 1
982 1023 1
983 1023 1
984 1023 1
985 1023 1
986 1023 1
987 1023 1
988 1023 1
989 1023 1
990 1023 1
991 1023 1
992 1023 1
993 1023 1
994 1023 1
995 1023 1
996 1023 1
997 1023 1
998 1023 1
999 1023 1
1000 1023 1
1001 1023 1
1002 1023 1
1003 1023 1
1004 1023 1
1005 1023 1
1006 1023 1
1007 1023 1
1008 1023 1
1009 1023 1
1010 1023 1
1011 1023 1
1012 1023 1
1013 1023 1
1014 1023 1
1015 1023 1
1016 1023 1
1017 1023 1
1018 1023 1
1019 1023 1
1020 1023 1
1021 1023 1
1022 1023 1
1023 1023 1
1024 1023 1
1025 1023 1
1026 1023 1
1027 1023 1
1028 1023 1
1029 1023 1
1030 1023 1
1031 1023 1
1032 1023 1
1033 1023 1
1034 1023 1
1035 1023 1
1036 1023 1
1037 1023 1
1038 1023 1
1039 1023 1
1040 1023 1
1041 1023 1
1042 1023 1
1043 1023 1
1044 1023 1
1045 1023 1
1046 1023 1
1047 1023 1
1048 1023 1
1049 1023 1
1050 1023 1
1051 1023 1
1052 1023 1
1053 1023 1
1054 1023 1
1055 1023 1
1056 1023 1
1057 1023 1
1058 1023 1
1059 1023 1
1060 1023 1
1061 1023 1
1062 1023 1
1063 1023 1
1064 1023 1
1065 1023 1
1066 1023 1
1067 1023 1
1068 1023 1
1069 1023 1
1070 1023 1
1071 1023 1
1072 1023 1
1073 1023 1
1074 1023 1
1075 1023 1
1076 1023 1
1077 1023 1
1078 1023 1
1079 1023 1
1080 1023 1
1081 1023 1
1082 1023 1
1083 1023 1
1084 1023 1
1085 1023 1
1086 1023 1
1087 1023 1
1088 1023 1
1089 1023 1
1090 1023 1
1091 1023 1
1092 1023 1
1093 1023 1
1094 1023 1
1095 1023 1
1096 1023 1
1097 1023 1
1098 1023 1
1099 1023 1
1100 1023 1
1101 1023 1
1102 1023 1
1103 1023 1
1104 1023 1
1105 1023 1
1106 1023 1
1107 1023 1
1108 1023 1
1109 1023 1
1110 1023 1
1111 1023 1
1112 1023 1
1113 1023 1
1114 1023 1
1115 1023 1
1116 1023 1
1117 1023 1
1118 1023 1
1119 1023 1
1120 1023 1
1121 1023 1
1122 1023 1
1123 1023 1
1124 1023 1
1125 1023 1
1126 1023 1
1127 1023 1
1128 1023 1
1129 1023 1
1130 1023 1
1131 1023 1
1132 1023 1
1133 1023 1
1134 1023 1
1135 1023 1
1136 1023 1
1137 1023 1
1138 1023 1
1139 1023 1
1140 1023 1
1141 1023 1
1142 1023 1
1143 1023 1
1144 1023 1
1145 1023 1
1146 1023 1
1147 1023 1
1148 1023 1
1149 1023 1
1150 1023 1
1151 1023 1
1152 1023 1
1153 1023 1
1154 1023 1
1155 1023 1
1156 1023 1
1157 1023 1
1158 1023 1
1159 1023 1
1160 1023 1
1161 1023 1
1162 1023 1
1163 1023 1
1164 1023 1
1165 1023 1
1166 1023 1
1167 1023 1
1168 1023 1
1169 1023 1
1170 1023 1
1171 1023 1
1172 1023 1
1173 1023 1
1174 1023 1
1175 1023 1
1176 1023 1
1177 1023 1
1178 1023 1
1179 1023 1
1180 1023 1
1181 1023 1
1182 1023 1
1183 1023 1
1184 1023 1
1185 1023 1
1186 1023 1
1187 1023 1
1188 1023 1
1189 1023 1
1190 1023 1
1191 1023 1
1192 1023 1
1193 1023 1
1194 1023 1
1195 1023 1
1196 1023 1
1197 1023 1
1198 1023 1
1199 1023 1
1200 1023 1
1201 1023 1
1202 1023 1
1203 1023 1
1204 1023 1
1205 1023 1
1206 1023 1
1207 1023 1
1208 1023 1
1209 1023 1
1210 1023 1
1211 1023 1
1212 1023 1
1213 1023 1
1214 1023 1
1215 1023 1
1216 1023 1
1217 1023 1
1218 1023 1
1219 1023 1
1220 1023 1
1221 1023 1
1222 1023 1
1223 1023 1
1224 1023 1
1225 1023 1
1226 1023 1
1227 1023 1
1228 1023 1
1229 1023 1
1230 1023 1
1231 1023 1
1232 1023 1
1233 1023 1
1234 1023 1
1235 1023 1
1236 1023 1
1237 1023 1
1238 1023 1
1239 1023 1
1240 1023 1
1241 1023 1
1242 1023 1
1243 1023 1
1244 1023 1
1245 1023 1
1246 1023 1
1247 1023 1
1248 1023 1
1249 1023 1
1250 1023 1
1251 1023 1
1252 1023 1
1253 1023 1
1254 1023 1
1255 1023 1
1256 1023 1
1257 1023 1
1258 1023 1
1259 1023 1
1260 1023 1
1261 1023 1
1262 1023 1
1263 1023 1
1264 1023 1
1265 1023 1
1266 1023 1
1267 1023 1
1268 1023 1
1269 1023 1
1270 1023 1
1271 1023 1
1272 1023 1
1273 1023 1
1274 1023 1
1275 1023 1
1276 1023 1
1277 1023 1
1278 1023 1
1279 1023 1
1280 1023 1
1281 1023 1
1282 1023 1
1283 1023 1
1284 1023 1
1285 1023 1
1286 1023 1
1287 1023 1
1288 1023 1
1289 1023 1
1290 1023 1
1291 1023 1
1292 1023 1
1293 1023 1
1294 1023 1
1295 1023 1
1296 1023 1
1297 1023 1
1298 1023 1
1299 1023 1
1300 1023 1
1301 1023 1
1302 1023 1
1303 1023 1
1304 1023 1
1305 1023 1
1306 1023 1
1307 1023 1
1308 1023 1
1309 1023 1
1310 1023 1
1311 1023 1
1312 1023 1
1313 1023 1
1314 1023 1
1315 1023 1
1316 1023 1
1317 1023 1
1318 1023 1
1319 1023 1
1320 1023 1
1321 1023 1
1322 1023 1
1323 1023 1
1324 1023 1
1325 1023 1
1326 1023 1
1327 1023 1
1328 1023 1
1329 1023 1
1330 1023 1
1331 1023 1
1332 1023 1
1333 1023 1
1334 1023 1
1335 1023 1
1336 1023 1
1337 1023 1
1338 1023 1
1339 1023 1
1340 1023 1
1341 1023 1
1342 1023 1
1343 1023 1
1344 1023 1
1345 1023 1
1346 1023 1
1347 1023 1
1348 1023 1
1349 1023 1
1350 1023 1
1351 1023 1
1352 1023 1
1353 1023 1
1354 1023 1
1355 1023 1
1356 1023 1
1357 1023 1
1358 1023 1
1359 1023 1
1360 1023 1
1361 1023 1
1362 1023 1
1363 1023 1
1364 1023 1
1365 1023 1
1366 1023 1
1367 1023 1
1368 1023 1
1369 1023 1
1370 1023 1
1371 1023 1
1372 1023 1
1373 1023 1
1374 1023 1
1375 1023 1
1376 1023 1
1377 1023 1
1378 1023 1
1379 1023 1
1380 1023 1
1381 1023 1
1382 1023 1
1383 1023 1
1384 1023 1
1385 1023 1
1386 1023 1
1387 1023 1
1388 1023 1
1389 1023 1
1390 1023 1
1391 1023 1
1392 1023 1
1393 1023 1
1394 1023 1
1395 1023 1
1396 1023 1
1397 1023 1
1398 1023 1
1399 1023 1
1400 1023 1
1401 1023 1
1402 1023 1
1403 1023 1
1404 1023 1
1405 1023 1
1406 1023 1
1407 1023 1
1408 1023 1
1409 1023 1
1410 1023 1
1411 1023 1
1412 1023 1
1413 1023 1
1414 1023 1
1415 1023 1
1416 1023 1
1417 1023 1
1418 1023 1
1419 1023 1
1420 1023 1
1421 1023 1
1422 1023 1
1423 1023 1
1424 1023 1
1425 1023 1
1426 1023 1
1427 1023 1
1428 1023 1
1429 1023 1
1430 1023 1
1431 1023 1
1432 1023 1
1433 1023 1
1434 1023 1
1435 1023 1
1436 1023 1
1437 1023 1
1438 1023 1
1439 1023 1
1440 1023 1
1441 1023 1
1442 1023 1
1443 1023 1
1444 1023 1
1445 1023 1
1446 1023 1
1447 1023 1
1448 1023 1
1449 1023 1
1450 1023 1
1451 1023 1
1452 1023 1
1453 1023 1
1454 1023 1
1455 1023 1
1456 1023 1
1457 1023 1
1458 1023 1
1459 1023 1
1460 1023 1
1461 1023 1
1462 1023 1
1463 1023 1
1464 1023 1
1465 1023 1
1466 1023 1
1467 1023 1
1468 1023 1
1469 1023 1
1470 1023 1
1471 1023 1
1472 1023 1
1473 1023 1
1474 1023 1
1475 1023 1
1476 1023 1
1477 1023 1
1478 1023 1
1479 1023 1
1480 1023 1
1481 1023 1
1482 1023 1
1483 1023 1
1484 1023 1
1485 1023 1
1486 1023 1
1487 1023 1
1488 1023 1
1489 1023 1
1490 1023 1
1491 1023 1
1492 1023 1
1493 1023 1
1494 1023 1
1495 1023 1
1496 1023 1
1497 1023 1
1498 1023 1
1499 1023 1
1500 1023 1
1501 1023 1
1502 1023 1
1503 1023 1
1504 1023 1
1505 1023 1
1506 1023 1
1507 1023 1
1508 1023 1
1509 1023 1
1510 1023 1
1511 1023 1
1512 1023 1
1513 1023 1
1514 1023 1
1515 1023 1
1516 1023 1
1517 1023 1
1518 1023 1
1519 1023 1
1520 1023 1
1521 1023 1
1522 1023 1
1523 1023 1
1524 1023 1
1525 1023 1
1526 1023 1
1527 1023 1
1528 1023 1
1529 1023 1
1530 1023 1
1531 1023 1
1532 1023 1
1533 1023 1
1534 1023 1
1535 1023 1
1536 1023 1
1537 1023 1
1538 1023 1
1539 1023 1
1540 1023 1
1541 1023 1
1542 1023 1
1543 1023 1
1544 1023 1
1545 1023 1
1546 1023 1
1547 1023 1
1548 1023 1
1549 1023 1
1550 1023 1
1551 1023 1
1552 1023 1
1553 1023 1
1554 1023 1
1555 1023 1
1556 1023 1
1557 1023 1
1558 1023 1
1559 1023 1
1560 1023 1
1561 1023 1
1562 1023 1
1563 1023 1
1564 1023 1
1565 1023 1
1566 1023 1
1567 1023 1
1568 1023 1
1569 1023 1
1570 1023 1
1571 1023 1
1572 1023 1
1573 1023 1
1574 1023 1
1575 1023 1
1576 1023 1
1577 1023 1
1578 1023 1
1579 1023 1
1580 1023 1
1581 1023 1
1582 1023 1
1583 1023 1
1584 1023 1
1585 1023 1
1586 1023 1
1587 1023 1
1588 1023 1
1589 1023 1
1590 1023 1
1591 1023 1
1592 1023 1
1593 1023 1
1594 1023 1
1595 1023 1
1596 1023 1
1597 1023 1
1598 1023 1
1599 1023 1
1600 1023 1
1601 1023 1
1602 1023 1
1603 1023 1
1604 1023 1
1605 1023 1
1606 1023 1
1607 1023 1
1608 1023 1
1609 1023 1
1610 1023 1
1611 1023 1
1612 1023 1
1613 1023 1
1614 1023 1
1615 1023 1
1616 1023 1
1617 1023 1
1618 1023 1
1619 1023 1
1620 1023 1
1621 1023 1
1622 1023 1
1623 1023 1
1624 1023 1
1625 1023 1
1626 1023 1
1627 1023 1
1628 1023 1
1629 1023 1
1630 1023 1
1631 1023 1
1632 1023 1
1633 1023 1
1634 1023 1
1635 1023 1
1636 1023 1
1637 1023 1
1638 1023 1
1639 1023 1
1640 1023 1
1641 1023 1
1642 1023 1
1643 1023 1
1644 1023 1
1645 1023 1
1646 1023 1
1647 1023 1
1648 1023 1
1649 1023 1
1650 1023 1
1651 1023 1
1652 1023 1
1653 1023 1
1654 1023 1
1655 1023 1
1656 1023 1
1657 1023 1
1658 1023 1
1659 1023 1
1660 1023 1
1661 1023 1
1662 1023 1
1663 1023 1
1664 1023 1
1665 1023 1
1666 1023 1
1667 1023 1
1668 1023 1
1669 1023 1
1670 1023 1
1671 1023 1
1672 1023 1
1673 1023 1
1674 1023 1
1675 1023 1
1676 1023 1
1677 1023 1
1678 1023 1
1679 1023 1
1680 1023 1
1681 1023 1
1682 1023 1
1683 1023 1
1684 1023 1
1685 1023 1
1686 1023 1
1687 1023 1
1688 1023 1
1689 1023 1
1690 1023 1
1691 1023 1
1692 1023 1
1693 1023 1
1694 1023 1
1695 1023 1
1696 1023 1
1697 1023 1
1698 1023 1
1699 1023 1
1700 1023 1
1701 1023 1
1702 1023 1
1703 1023 1
1704 1023 1
1705 1023 1
1706 1023 1
1707 1023 1
1708 1023 1
1709 1023 1
1710 1023 1
1711 1023 1
1712 1023 1
1713 1023 1
1714 1023 1
1715 1023 1
1716 1023 1
1717 1023 1
1718 1023 1
1719 1023 1
1720 1023 1
1721 1023 1
1722 1023 1
1723 1023 1
1724 1023 1
1725 1023 1
1726 1023 1
1727 1023 1
1728 1023 1
1729 1023 1
1730 1023 1
1731 1023 1
1732 1023 1
1733 1023 1
1734 1023 1
1735 1023 1
1736 1023 1
1737 1023 1
1738 1023 1
1739 1023 1
1740 1023 1
1741 1023 1
1742 1023 1
1743 1023 1
1744 1023 1
1745 1023 1
1746 1023 1
1747 1023 1
1748 1023 1
1749 1023 1
1750 1023 1
1751 1023 1
1752 1023 1
1753 1023 1
1754 1023 1
1755 1023 1
1756 1023 1
1757 1023 1
1758 1023 1
1759 1023 1
1760 1023 1
1761 1023 1
1762 1023 1
1763 1023 1
1764 1023 1
1765 1023 1
1766 1023 1
1767 1023 1
1768 1023 1
1769 1023 1
1770 1023 1
1771 1023 1
1772 1023 1
1773 1023 1
1774 1023 1
1775 1023 1
1776 1023 1
1777 1023 1
1778 1023 1
1779 1023 1
1780 1023 1
1781 1023 1
1782 1023 1
1783 1023 1
1784 1023 1
1785 1023 1
1786 1023 1
1787 1023 1
1788 1023 1
1789 1023 1
1790 1023 1
1791 1023 1
1792 1023 1
1793 1023 1
1794 1023 1
1795 1023 1
1796 1023 1
1797 1023 1
1798 1023 1
1799 1023 1
1800 1023 1
1801 1023 1
1802 1023 1
1803 1023 1
1804 1023 1
1805 1023 1
1806 1023 1
1807 1023 1
1808 1023 1
1809 1023 1
1810 1023 1
1811 1023 1
1812 1023 1
1813 1023 1
1814 1023 1
1815 1023 1
1816 1023 1
1817 1023 1
1818 1023 1
1819 1023 1
1820 1023 1
1821 1023 1
1822 1023 1
1823 1023 1
1824 1023 1
1825 1023 1
1826 1023 1
1827 1023 1
1828 1023 1
1829 1023 1
1830 1023 1
1831 1023 1
1832 1023 1
1833 1023 1
1834 1023 1
1835 1023 1
1836 1023 1
1837 1023 1
1838 1023 1
1839 1023 1
1840 1023 1
1841 1023 1
1842 1023 1
1843 1023 1
1844 1023 1
1845 1023 1
1846 1023 1
1847 1023 1
1848 1023 1
1849 1023 1
1850 1023 1
1851 1023 1
1852 1023 1
1853 1023 1
1854 1023 1
1855 1023 1
1856 1023 1
1857 1023 1
1858 1023 1
1859 1023 1
1860 1023 1
1861 1023 1
1862 1023 1
1863 1023 1
1864 1023 1
1865 1023 1
1866 1023 1
1867 1023 1
1868 1023 1
1869 1023 1
1870 1023 1
1871 1023 1
1872 1023 1
1873 1023 1
1874 1023 1
1875 1023 1
1876 1023 1
1877 1023 1
1878 1023 1
1879 1023 1
1880 1023 1
1881 1023 1
1882 1023 1
1883 1023 1
1884 1023 1
1885 1023 1
1886 1023 1
1887 1023 1
1888 1023 1
1889 1023 1
1890 1023 1
1891 1023 1
1892 1023 1
1893 1023 1
1894 1023 1
1895 1023 1
1896 1023 1
1897 1023 1
1898 1023 1
1899 1023 1
1900 1023 1
1901 1023 1
1902 1023 1
1903 1023 1
1904 1023 1
1905 1023 1
1906 1023 1
1907 1023 1
1908 1023 1
1909 1023 1
1910 1023 1
1911 1023 1
1912 1023 1
1913 1023 1
1914 1023 1
1915 1023 1
1916 1023 1
1917 1023 1
1918 1023 1
1919 1023 1
1920 1023 1
1921 1023 1
1922 1023 1
1923 1023 1
1924 1023 1
1925 1023 1
1926 1023 1
1927 1023 1
1928 1023 1
1929 1023 1
1930 1023 1
1931 1023 1
1932 1023 1
1933 1023 1
1934 1023 1
1935 1023 1
1936 1023 1
1937 1023 1
1938 1023 1
1939 1023 1
1940 1023 1
1941 1023 1
1942 1023 1
1943 1023 1
1944 1023 1
1945 1023 1
1946 1023 1
1947 1023 1
1948 1023 1
1949 1023 1
1950 1023 1
1951 1023 1
1952 1023 1
1953 1023 1
1954 1023 1
1955 1023 1
1956 1023 1
1957 1023 1
1958 1023 1
1959 1023 1
1960 1023 1
1961 1023 1
1962 1023 1
1963 1023 1
1964 1023 1
1965 1023 1
1966 1023 1
1967 1023 1
1968 1023 1
1969 1023 1
1970 1023 1
1971 1023 1
1972 1023 1
1973 1023 1
1974 1023 1
1975 1023 1
1976 1023 1
1977 1023 1
1978 1023 1
1979 1023 1
1980 1023 1
1981 1023 1
1982 1023 1
1983 1023 1
1984 1023 1
1985 1023 1
1986 1023 1
1987 1023 1
1988 1023 1
1989 1023 1
1990 1023 1
1991 1023 1
1992 1023 1
1993 1023 1
1994 1023 1
1995 1023 1
1996 1023 1
1997 1023 1
1998 1023 1
1999 1023 1
2000 1023 1
2001 1023 1
2002 1023 1
2003 1023 1
2004 1023 1
2005 1023 1
2006 1023 1
2007 1023 1
2008 1023 1
2009 1023 1
2010 1023 1
2011 1023 1
2012 1023 1
2013 1023 1
2014 1023 1
2015 1023 1
2016 1023 1
2017 1023 1
2018 1023 1
2019 1023 1
2020 1023 1
2021 1023 1
2022 1023 1
2023 1023 1
2024 1023 1
2025 1023 1
2026 1023 1
2027 1023 1
2028 1023 1
2029 1023 1
2030 1023 1
2031 1023 1
2032 1023 1
2033 1023 1
2034 1023 1
2035 1023 1
2036 1023 1
2037 1023 1
2038 1023 1
2039 1023 1
2040 1023 1
2041 1023 1
2042 1023 1
2043 1023 1
2044 1023 1
2045 1023 1
2046 1023 1
2047 1023 1
2047 0 1
2047 1 1
2047 2 1
2047 3 1
2047 4 1
2047 5 1
2047 6 1
2047 7 1
2047 8 1
2047 9 1
2047 10 1
2047 11 1
2047 12 1
2047 13 1
2047 14 1
2047 15 1
2047 16 1
2047 17 1
2047 18 1
2047 19 1
2047 20 1
2047 21 1
2047 22 1
2047 23 1
2047 24 1
2047 25 1
2047 26 1
2047 27 1
2047 28 1
2047 29 1
2047 30 1
2047 31 1
2047 32 1
2047 33 1
2047 34 1
2047 35 1
2047 36 1
2047 37 1
2047 38 1
2047 39 1
2047 40 1
2047 41 1
2047 42 1
2047 43 1
2047 44 1
2047 45 1
2047 46 1
2047 47 1
2047 48 1
2047 49 1
2047 50 1
2047 51 1
2047 52 1
2047 53 1
2047 54 1
2047 55 1
2047 56 1
2047 57 1
2047 58 1
2047 59 1
2047 60 1
2047 61 1
2047 62 1
2047 63 1
2047 64 1
2047 65 1
2047 66 1
2047 67 1
2047 68 1
2047 69 1
2047 70 1
2047 71 1
2047 72 1
2047 73 1
2047 74 1
2047 75 1
2047 76 1
2047 77 1
2047 78 1
2047 79 1
2047 80 1
2047 81 1
2047 82 1
2047 83 1
2047 84 1
2047 85 1
2047 86 1
2047 87 1
2047 88 1
2047 89 1
2047 90 1
2047 91 1
2047 92 1
2047 93 1
2047 94 1
2047 95 1
2047 96 1
2047 97 1
2047 98 1
2047 99 1
2047 100 1
2047 101 1
2047 102 1
2047 103 1
2047 104 1
2047 105 1
2047 106 1
2047 107 1
2047 108 1
2047 109 1
2047 110 1
2047 111 1
2047 112 1
2047 113 1
2047 114 1
2047 115 1
2047 116 1
2047 117 1
2047 118 1
2047 119 1
2047 120 1
2047 121 1
2047 122 1
2047 123 1
2047 124 1
2047 125 1
2047 126 1
2047 127 1
2047 128 1
2047 129 1
2047 130 1
2047 131 1
2047 132 1
2047 133 1
2047 134 1
2047 135 1
2047 136 1
2047 137 1
2047 138 1
2047 139 1
2047 140 1
2047 141 1
2047 142 1
2047 143 1
2047 144 1
2047 145 1
2047 146 1
2047 147 1
2047 148 1
2047 149 1
2047 150 1
2047 151 1
2047 152 1
2047 153 1
2047 154 1
2047 155 1
2047 156 1
2047 157 1
2047 158 1
2047 159 1
2047 160 1
2047 161 1
2047 162 1
2047 163 1
2047 164 1
2047 165 1
2047 166 1
2047 167 1
2047 168 1
2047 169 1
2047 170 1
2047 171 1
2047 172 1
2047 173 1
2047 174 1
2047 175 1
2047 176 1
2047 177 1
2047 178 1
2047 179 1
2047 180 1
2047 181 1
2047 182 1
2047 183 1
2047 184 1
2047 185 1
2047 186 1
2047 187 1
2047 188 1
2047 189 1
2047 190 1
2047 191 1
2047 192 1
2047 193 1
2047 194 1
2047 195 1
2047 196 1
2047 197 1
2047 198 1
2047 199 1
2047 200 1
2047 201 1
2047 202 1
2047 203 1
2047 204 1
2047 205 1
2047 206 1
2047 207 1
2047 208 1
2047 209 1
2047 210 1
2047 211 1
2047 212 1
2047 213 1
2047 214 1
2047 215 1
2047 216 1
2047 217 1
2047 218 1
2047 219 1
2047 220 1
2047 221 1
2047 222 1
2047 223 1
2047 224 1
2047 225 1
2047 226 1
2047 227 1
2047 228 1
2047 229 1
2047 230 1
2047 231 1
2047 232 1
2047 233 1
2047 234 1
2047 235 1
2047 236 1
2047 237 1
2047 238 1
2047 239 1
2047 240 1
2047 241 1
2047 242 1
2047 243 1
2047 244 1
2047 245 1
2047 246 1
2047 247 1
2047 248 1
2047 249 1
2047 250 1
2047 251 1
2047 252 1
2047 253 1
2047 254 1
2047 255 1
2047 256 1
2047 257 1
2047 258 1
2047 259 1
2047 260 1
2047 261 1
2047 262 1
2047 263 1
2047 264 1
2047 265 1
2047 266 1
2047 267 1
2047 268 1
2047 269 1
2047 270 1
2047 271 1
2047 272 1
2047 273 1
2047 274 1
2047 275 1
2047 276 1
2047 277 1
2047 278 1
2047 279 1
2047 280 1
2047 281 1
2047 282 1
2047 283 1
2047 284 1
2047 285 1
2047 286 1
2047 287 1
2047 288 1
2047 289 1
2047 290 1
2047 291 1
2047 292 1
2047 293 1
2047 294 1
2047 295 1
2047 296 1
2047 297 1
2047 298 1
2047 299 1
2047 300 1
2047 301 1
2047 302 1
2047 303 1
2047 304 1
2047 305 1
2047 306 1
2047 307 1
2047 308 1
2047 309 1
2047 310 1
2047 311 1
2047 312 1
2047 313 1
2047 314 1
2047 315 1
2047 316 1
2047 317 1
2047 318 1
2047 319 1
2047 320 1
2047 321 1
2047 322 1
2047 323 1
2047 324 1
2047 325 1
2047 326 1
2047 327 1
2047 328 1
2047 329 1
2047 330 1
2047 331 1
2047 332 1
2047 333 1
2047 334 1
2047 335 1
2047 336 1
2047 337 1
2047 338 1
2047 339 1
2047 340 1
2047 341 1
2047 342 1
2047 343 1
2047 344 1
2047 345 1
2047 346 1
2047 347 1
2047 348 1
2047 349 1
2047 350 1
2047 351 1
2047 352 1
2047 353 1
2047 354 1
2047 355 1
2047 356 1
2047 357 1
2047 358 1
2047 359 1
2047 360 1
2047 361 1
2047 362 1
2047 363 1
2047 364 1
2047 365 1
2047 366 1
2047 367 1
2047 368 1
2047 369 1
2047 370 1
2047 371 1
2047 372 1
2047 373 1
2047 374 1
2047 375 1
2047 376 1
2047 377 1
2047 378 1
2047 379 1
2047 380 1
2047 381 1
2047 382 1
2047 383 1
2047 384 1
2047 385 1
2047 386 1
2047 387 1
2047 388 1
2047 389 1
2047 390 1
2047 391 1
2047 392 1
2047 393 1
2047 394 1
2047 395 1
2047 396 1
2047 397 1
2047 398 1
2047 399 1
2047 400 1
2047 401 1
2047 402 1
2047 403 1
2047 404 1
2047 405 1
2047 406 1
2047 407 1
2047 408 1
2047 409 1
2047 410 1
2047 411 1
2047 412 1
2047 413 1
2047 414 1
2047 415 1
2047 416 1
2047 417 1
2047 418 1
2047 419 1
2047 420 1
2047 421 1
2047 422 1
2047 423 1
2047 424 1
2047 425 1
2047 426 1
2047 427 1
2047 428 1
2047 429 1
2047 430 1
2047 431 1
2047 432 1
2047 433 1
2047 434 1
2047 435 1
2047 436 1
2047 437 1
2047 438 1
2047 439 1
2047 440 1
2047 441 1
2047 442 1
2047 443 1
2047 444 1
2047 445 1
2047 446 1
2047 447 1
2047 448 1
2047 449 1
2047 450 1
2047 451 1
2047 452 1
2047 453 1
2047 454 1
2047 455 1
2047 456 1
2047 457 1
2047 458 1
2047 459 1
2047 460 1
2047 461 1
2047 462 1
2047 463 1
2047 464 1
2047 465 1
2047 466 1
2047 467 1
2047 468 1
2047 469 1
2047 470 1
2047 471 1
2047 472 1
2047 473 1
2047 474 1
2047 475 1
2047 476 1
2047 477 1
2047 478 1
2047 479 1
2047 480 1
2047 481 1
2047 482 1
2047 483 1
2047 484 1
2047 485 1
2047 486 1
2047 487 1
2047 488 1
2047 489 1
2047 490 1
2047 491 1
2047 492 1
2047 493 1
2047 494 1
2047 495 1
2047 496 1
2047 497 1
2047 498 1
2047 499 1
2047 500 1
2047 501 1
2047 502 1
2047 503 1
2047 504 1
2047 505 1
2047 506 1
2047 507 1
2047 508 1
2047 509 1
2047 510 1
2047 511 1
2047 512 1
2047 513 1
2047 514 1
2047 515 1
2047 516 1
2047 517 1
2047 518 1
2047 519 1
2047 520 1
2047 521 1
2047 522 1
2047 523 1
2047 524 1
2047 525 1
2047 526 1
2047 527 1
2047 528 1
2047 529 1
2047 530 1
2047 531 1
2047 532 1
2047 533 1
2047 534 1
2047 535 1
2047 536 1
2047 537 1
2047 538 1
2047 539 1
2047 540 1
2047 541 1
2047 542 1
2047 543 1
2047 544 1
2047 545 1
2047 546 1
2047 547 1
2047 548 1
2047 549 1
2047 550 1
2047 551 1
2047 552 1
2047 553 1
2047 554 1
2047 555 1
2047 556 1
2047 557 1
2047 558 1
2047 559 1
2047 560 1
2047 561 1
2047 562 1
2047 563 1
2047 564 1
2047 565 1
2047 566 1
2047 567 1
2047 568 1
2047 569 1
2047 570 1
2047 571 1
2047 572 1
2047 573 1
2047 574 1
2047 575 1
2047 576 1
2047 577 1
2047 578 1
2047 579 1
2047 580 1
2047 581 1
2047 582 1
2047 583 1
2047 584 1
2047 585 1
2047 586 1
2047 587 1
2047 588 1
2047 589 1
2047 590 1
2047 591 1
2047 592 1
2047 593 1
2047 594 1
2047 595 1
2047 596 1
2047 597 1
2047 598 1
2047 599 1
2047 600 1
2047 601 1
2047 602 1
2047 603 1
2047 604 1
2047 605 1
2047 606 1
2047 607 1
2047 608 1
2047 609 1
2047 610 1
2047 611 1
2047 612 1
2047 613 1
2047 614 1
2047 615 1
2047 616 1
2047 617 1
2047 618 1
2047 619 1
2047 620 1
2047 621 1
2047 622 1
2047 623 1
2047 624 1
2047 625 1
2047 626 1
2047 627 1
2047 628 1
2047 629 1
2047 630 1
2047 631 1
2047 632 1
2047 633 1
2047 634 1
2047 635 1
2047 636 1
2047 637 1
2047 638 1
2047 639 1
2047 640 1
2047 641 1
2047 642 1
2047 643 1
2047 644 1
2047 645 1
2047 646 1
2047 647 1
2047 648 1
2047 649 1
2047 650 1
2047 651 1
2047 652 1
2047 653 1
2047 654 1
2047 655 1
2047 656 1
2047 657 1
2047 658 1
2047 659 1
2047 660 1
2047 661 1
2047 662 1
2047 663 1
2047 664 1
2047 665 1
2047 666 1
2047 667 1
2047 668 1
2047 669 1
2047 670 1
2047 671 1
2047 672 1
2047 673 1
2047 674 1
2047 675 1
2047 676 1
2047 677 1
2047 678 1
2047 679 1
2047 680 1
2047 681 1
2047 682 1
2047 683 1
2047 684 1
2047 685 1
2047 686 1
2047 687 1
2047 688 1
2047 689 1
2047 690 1
2047 691 1
2047 692 1
2047 693 1
2047 694 1
2047 695 1
2047 696 1
2047 697 1
2047 698 1
2047 699 1
2047 700 1
2047 701 1
2047 702 1
2047 703 1
2047 704 1
2047 705 1
2047 706 1
2047 707 1
2047 708 1
2047 709 1
2047 710 1
2047 711 1
2047 712 1
2047 713 1
2047 714 1
2047 715 1
2047 716 1
2047 717 1
2047 718 1
2047 719 1
2047 720 1
2047 721 1
2047 722 1
2047 723 1
2047 724 1
2047 725 1
2047 726 1
2047 727 1
2047 728 1
2047 729 1
2047 730 1
2047 731 1
2047 732 1
2047 733 1
2047 734 1
2047 735 1
2047 736 1
2047 737 1
2047 738 1
2047 739 1
2047 740 1
2047 741 1
2047 742 1
2047 743 1
2047 744 1
2047 745 1
2047 746 1
2047 747 1
2047 748 1
2047 749 1
2047 750 1
2047 751 1
2047 752 1
2047 753 1
2047 754 1
2047 755 1
2047 756 1
2047 757 1
2047 758 1
2047 759 1
2047 760 1
2047 761 1
2047 762 1
2047 763 1
2047 764 1
2047 765 1
2047 766 1
2047 767 1
2047 768 1
2047 769 1
2047 770 1
2047 771 1
2047 772 1
2047 773 1
2047 774 1
2047 775 1
2047 776 1
2047 777 1
2047 778 1
2047 779 1
2047 780 1
2047 781 1
2047 782 1
2047 783 1
2047 784 1
2047 785 1
2047 786 1
2047 787 1
2047 788 1
2047 789 1
2047 790 1
2047 791 1
2047 792 1
2047 793 1
2047 794 1
2047 795 1
2047 796 1
2047 797 1
2047 798 1
2047 799 1
2047 800 1
2047 801 1
2047 802 1
2047 803 1
2047 804 1
2047 805 1
2047 806 1
2047 807 1
2047 808 1
2047 809 1
2047 810 1
2047 811 1
2047 812 1
2047 813 1
2047 814 1
2047 815 1
2047 816 1
2047 817 1
2047 818 1
2047 819 1
2047 820 1
2047 821 1
2047 822 1
2047 823 1
2047 824 1
2047 825 1
2047 826 1
2047 827 1
2047 828 1
2047 829 1
2047 830 1
2047 831 1
2047 832 1
2047 833 1
2047 834 1
2047 835 1
2047 836 1
2047 837 1
2047 838 1
2047 839 1
2047 840 1
2047 841 1
2047 842 1
2047 843 1
2047 844 1
2047 845 1
2047 846 1
2047 847 1
2047 848 1
2047 849 1
2047 850 1
2047 851 1
2047 852 1
2047 853 1
2047 854 1
2047 855 1
2047 856 1
2047 857 1
2047 858 1
2047 859 1
2047 860 1
2047 861 1
2047 862 1
2047 863 1
2047 864 1
2047 865 1
2047 866 1
2047 867 1
2047 868 1
2047 869 1
2047 870 1
2047 871 1
2047 872 1
2047 873 1
2047 874 1
2047 875 1
2047 876 1
2047 877 1
2047 878 1
2047 879 1
2047 880 1
2047 881 1
2047 882 1
2047 883 1
2047 884 1
2047 885 1
2047 886 1
2047 887 1
2047 888 1
2047 889 1
2047 890 1
2047 891 1
2047 892 1
2047 893 1
2047 894 1
2047 895 1
2047 896 1
2047 897 1
2047 898 1
2047 899 1
2047 900 1
2047 901 1
2047 902 1
2047 903 1
2047 904 1
2047 905 1
2047 906 1
2047 907 1
2047 908 1
2047 909 1
2047 910 1
2047 911 1
2047 912 1
2047 913 1
2047 914 1
2047 915 1
2047 916 1
2047 917 1
2047 918 1
2047 919 1
2047 920 1
2047 921 1
2047 922 1
2047 923 1
2047 924 1
2047 925 1
2047 926 1
2047 927 1
2047 928 1
2047 929 1
2047 930 1
2047 931 1
2047 932 1
2047 933 1
2047 934 1
2047 935 1
2047 936 1
2047 937 1
2047 938 1
2047 939 1
2047 940 1
2047 941 1
2047 942 1
2047 943 1
2047 944 1
2047 945 1
2047 946 1
2047 947 1
2047 948 1
2047 949 1
2047 950 1
2047 951 1
2047 952 1
2047 953 1
2047 954 1
2047 955 1
2047 956 1
2047 957 1
2047 958 1
2047 959 1
2047 960 1
2047 961 1
2047 962 1
2047 963 1
2047 964 1
2047 965 1
2047 966 1
2047 967 1
2047 968 1
2047 969 1
2047 970 1
2047 971 1
2047 972 1
2047 973 1
2047 974 1
2047 975 1
2047 976 1
2047 977 1
2047 978 1
2047 979 1
2047 980 1
2047 981 1
2047 982 1
2047 983 1
2047 984 1
2047 985 1
2047 986 1
2047 987 1
2047 988 1
2047 989 1
2047 990 1
2047 991 1
2047 992 1
2047 993 1
2047 994 1
2047 995 1
2047 996 1
2047 997 1
2047 998 1
2047 999 1
2047 1000 1
2047 1001 1
2047 1002 1
2047 1003 1
2047 1004 1
2047 1005 1
2047 1006 1
2047 1007 1
2047 1008 1
2047 1009 1
2047 1010 1
2047 1011 1
2047 1012 1
2047 1013 1
2047 1014 1
2047 1015 1
2047 1016 1
2047 1017 1
2047 1018 1
2047 1019 1
2047 1020 1
2047 1021 1
2047 1022 1
2047 1023 1
0 0 1
0 1 1
0 2 1
0 3 1
0 4 1
0 5 1
0 6 1
0 7 1
0 8 1
0 9 1
0 10 1
0 11 1
0 12 1
0 13 1
0 14 1
0 15 1
0 16 1
0 17 1
0 18 1
0 19 1
0 20 1
0 21 1
0 22 1
0 23 1
0 24 1
0 25 1
0 26 1
0 27 1
0 28 1
0 29 1
0 30 1
0 31 1
0 32 1
0 33 1
0 34 1
0 35 1
0 36 1
0 37 1
0 38 1
0 39 1
0 40 1
0 41 1
0 42 1
0 43 1
0 44 1
0 45 1
0 46 1
0 47 1
0 48 1
0 49 1
0 50 1
0 51 1
0 52 1
0 53 1
0 54 1
0 55 1
0 56 1
0 57 1
0 58 1
0 59 1
0 60 1
0 61 1
0 62 1
0 63 1
0 64 1
0 65 1
0 66 1
0 67 1
0 68 1
0 69 1
0 70 1
0 71 1
0 72 1
0 73 1
0 74 1
0 75 1
0 76 1
0 77 1
0 78 1
0 79 1
0 80 1
0 81 1
0 82 1
0 83 1
0 84 1
0 85 1
0 86 1
0 87 1
0 88 1
0 89 1
0 90 1
0 91 1
0 92 1
0 93 1
0 94 1
0 95 1
0 96 1
0 97 1
0 98 1
0 99 1
0 100 1
0 101 1
0 102 1
0 103 1
0 104 1
0 105 1
0 106 1
0 107 1
0 108 1
0 109 1
0 110 1
0 111 1
0 112 1
0 113 1
0 114 1
0 115 1
0 116 1
0 117 1
0 118 1
0 119 1
0 120 1
0 121 1
0 122 1
0 123 1
0 124 1
0 125 1
0 126 1
0 127 1
0 128 1
0 129 1
0 130 1
0 131 1
0 132 1
0 133 1
0 134 1
0 135 1
0 136 1
0 137 1
0 138 1
0 139 1
0 140 1
0 141 1
0 142 1
0 143 1
0 144 1
0 145 1
0 146 1
0 147 1
0 148 1
0 149 1
0 150 1
0 151 1
0 152 1
0 153 1
0 154 1
0 155 1
0 156 1
0 157 1
0 158 1
0 159 1
0 160 1
0 161 1
0 162 1
0 163 1
0 164 1
0 165 1
0 166 1
0 167 1
0 168 1
0 169 1
0 170 1
0 171 1
0 172 1
0 173 1
0 174 1
0 175 1
0 176 1
0 177 1
0 178 1
0 179 1
0 180 1
0 181 1
0 182 1
0 183 1
0 184 1
0 185 1
0 186 1
0 187 1
0 188 1
0 189 1
0 190 1
0 191 1
0 192 1
0 193 1
0 194 1
0 195 1
0 196 1
0 197 1
0 198 1
0 199 1
0 200 1
0 201 1
0 202 1
0 203 1
0 204 1
0 205 1
0 206 1
0 207 1
0 208 1
0 209 1
0 210 1
0 211 1
0 212 1
0 213 1
0 214 1
0 215 1
0 216 1
0 217 1
0 218 1
0 219 1
0 220 1
0 221 1
0 222 1
0 223 1
0 224 1
0 225 1
0 226 1
0 227 1
0 228 1
0 229 1
0 230 1
0 231 1
0 232 1
0 233 1
0 234 1
0 235 1
0 236 1
0 237 1
0 238 1
0 239 1
0 240 1
0 241 1
0 242 1
0 243 1
0 244 1
0 245 1
0 246 1
0 247 1
0 248 1
0 249 1
0 250 1
0 251 1
0 252 1
0 253 1
0 254 1
0 255 1
0 256 1
0 257 1
0 258 1
0 259 1
0 260 1
0 261 1
0 262 1
0 263 1
0 264 1
0 265 1
0 266 1
0 267 1
0 268 1
0 269 1
0 270 1
0 271 1
0 272 1
0 273 1
0 274 1
0 275 1
0 276 1
0 277 1
0 278 1
0 279 1
0 280 1
0 281 1
0 282 1
0 283 1
0 284 1
0 285 1
0 286 1
0 287 1
0 288 1
0 289 1
0 290 1
0 291 1
0 292 1
0 293 1
0 294 1
0 295 1
0 296 1
0 297 1
0 298 1
0 299 1
0 300 1
0 301 1
0 302 1
0 303 1
0 304 1
0 305 1
0 306 1
0 307 1
0 308 1
0 309 1
0 310 1
0 311 1
0 312 1
0 313 1
0 314 1
0 315 1
0 316 1
0 317 1
0 318 1
0 319 1
0 320 1
0 321 1
0 322 1
0 323 1
0 324 1
0 325 1
0 326 1
0 327 1
0 328 1
0 329 1
0 330 1
0 331 1
0 332 1
0 333 1
0 334 1
0 335 1
0 336 1
0 337 1
0 338 1
0 339 1
0 340 1
0 341 1
0 342 1
0 343 1
0 344 1
0 345 1
0 346 1
0 347 1
0 348 1
0 349 1
0 350 1
0 351 1
0 352 1
0 353 1
0 354 1
0 355 1
0 356 1
0 357 1
0 358 1
0 359 1
0 360 1
0 361 1
0 362 1
0 363 1
0 364 1
0 365 1
0 366 1
0 367 1
0 368 1
0 369 1
0 370 1
0 371 1
0 372 1
0 373 1
0 374 1
0 375 1
0 376 1
0 377 1
0 378 1
0 379 1
0 380 1
0 381 1
0 382 1
0 383 1
0 384 1
0 385 1
0 386 1
0 387 1
0 388 1
0 389 1
0 390 1
0 391 1
0 392 1
0 393 1
0 394 1
0 395 1
0 396 1
0 397 1
0 398 1
0 399 1
0 400 1
0 401 1
0 402 1
0 403 1
0 404 1
0 405 1
0 406 1
0 407 1
0 408 1
0 409 1
0 410 1
0 411 1
0 412 1
0 413 1
0 414 1
0 415 1
0 416 1
0 417 1
0 418 1
0 419 1
0 420 1
0 421 1
0 422 1
0 423 1
0 424 1
0 425 1
0 426 1
0 427 1
0 428 1
0 429 1
0 430 1
0 431 1
0 432 1
0 433 1
0 434 1
0 435 1
0 436 1
0 437 1
0 438 1
0 439 1
0 440 1
0 441 1
0 442 1
0 443 1
0 444 1
0 445 1
0 446 1
0 447 1
0 448 1
0 449 1
0 450 1
0 451 1
0 452 1
0 453 1
0 454 1
0 455 1
0 456 1
0 457 1
0 458 1
0 459 1
0 460 1
0 461 1
0 462 1
0 463 1
0 464 1
0 465 1
0 466 1
0 467 1
0 468 1
0 469 1
0 470 1
0 471 1
0 472 1
0 473 1
0 474 1
0 475 1
0 476 1
0 477 1
0 478 1
0 479 1
0 480 1
0 481 1
0 482 1
0 483 1
0 484 1
0 485 1
0 486 1
0 487 1
0 488 1
0 489 1
0 490 1
0 491 1
0 492 1
0 493 1
0 494 1
0 495 1
0 496 1
0 497 1
0 498 1
0 499 1
0 500 1
0 501 1
0 502 1
0 503 1
0 504 1
0 505 1
0 506 1
0 507 1
0 508 1
0 509 1
0 510 1
0 511 1
0 512 1
0 513 1
0 514 1
0 515 1
0 516 1
0 517 1
0 518 1
0 519 1
0 520 1
0 521 1
0 522 1
0 523 1
0 524 1
0 525 1
0 526 1
0 527 1
0 528 1
0 529 1
0 530 1
0 531 1
0 532 1
0 533 1
0 534 1
0 535 1
0 536 1
0 537 1
0 538 1
0 539 1
0 540 1
0 541 1
0 542 1
0 543 1
0 544 1
0 545 1
0 546 1
0 547 1
0 548 1
0 549 1
0 550 1
0 551 1
0 552 1
0 553 1
0 554 1
0 555 1
0 556 1
0 557 1
0 558 1
0 559 1
0 560 1
0 561 1
0 562 1
0 563 1
0 564 1
0 565 1
0 566 1
0 567 1
0 568 1
0 569 1
0 570 1
0 571 1
0 572 1
0 573 1
0 574 1
0 575 1
0 576 1
0 577 1
0 578 1
0 579 1
0 580 1
0 581 1
0 582 1
0 583 1
0 584 1
0 585 1
0 586 1
0 587 1
0 588 1
0 589 1
0 590 1
0 591 1
0 592 1
0 593 1
0 594 1
0 595 1
0 596 1
0 597 1
0 598 1
0 599 1
0 600 1
0 601 1
0 602 1
0 603 1
0 604 1
0 605 1
0 606 1
0 607 1
0 608 1
0 609 1
0 610 1
0 611 1
0 612 1
0 613 1
0 614 1
0 615 1
0 616 1
0 617 1
0 618 1
0 619 1
0 620 1
0 621 1
0 622 1
0 623 1
0 624 1
0 625 1
0 626 1
0 627 1
0 628 1
0 629 1
0 630 1
0 631 1
0 632 1
0 633 1
0 634 1
0 635 1
0 636 1
0 637 1
0 638 1
0 639 1
0 640 1
0 641 1
0 642 1
0 643 1
0 644 1
0 645 1
0 646 1
0 647 1
0 648 1
0 649 1
0 650 1
0 651 1
0 652 1
0 653 1
0 654 1
0 655 1
0 656 1
0 657 1
0 658 1
0 659 1
0 660 1
0 661 1
0 662 1
0 663 1
0 664 1
0 665 1
0 666 1
0 667 1
0 668 1
0 669 1
0 670 1
0 671 1
0 672 1
0 673 1
0 674 1
0 675 1
0 676 1
0 677 1
0 678 1
0 679 1
0 680 1
0 681 1
0 682 1
0 683 1
0 684 1
0 685 1
0 686 1
0 687 1
0 688 1
0 689 1
0 690 1
0 691 1
0 692 1
0 693 1
0 694 1
0 695 1
0 696 1
0 697 1
0 698 1
0 699 1
0 700 1
0 701 1
0 702 1
0 703 1
0 704 1
0 705 1
0 706 1
0 707 1
0 708 1
0 709 1
0 710 1
0 711 1
0 712 1
0 713 1
0 714 1
0 715 1
0 716 1
0 717 1
0 718 1
0 719 1
0 720 1
0 721 1
0 722 1
0 723 1
0 724 1
0 725 1
0 726 1
0 727 1
0 728 1
0 729 1
0 730 1
0 731 1
0 732 1
0 733 1
0 734 1
0 735 1
0 736 1
0 737 1
0 738 1
0 739 1
0 740 1
0 741 1
0 742 1
0 743 1
0 744 1
0 745 1
0 746 1
0 747 1
0 748 1
0 749 1
0 750 1
0 751 1
0 752 1
0 753 1
0 754 1
0 755 1
0 756 1
0 757 1
0 758 1
0 759 1
0 760 1
0 761 1
0 762 1
0 763 1
0 764 1
0 765 1
0 766 1
0 767 1
0 768 1
0 769 1
0 770 1
0 771 1
0 772 1
0 773 1
0 774 1
0 775 1
0 776 1
0 777 1
0 778 1
0 779 1
0 780 1
0 781 1
0 782 1
0 783 1
0 784 1
0 785 1
0 786 1
0 787 1
0 788 1
0 789 1
0 790 1
0 791 1
0 792 1
0 793 1
0 794 1
0 795 1
0 796 1
0 797 1
0 798 1
0 799 1
0 800 1
0 801 1
0 802 1
0 803 1
0 804 1
0 805 1
0 806 1
0 807 1
0 808 1
0 809 1
0 810 1
0 811 1
0 812 1
0 813 1
0 814 1
0 815 1
0 816 1
0 817 1
0 818 1
0 819 1
0 820 1
0 821 1
0 822 1
0 823 1
0 824 1
0 825 1
0 826 1
0 827 1
0 828 1
0 829 1
0 830 1
0 831 1
0 832 1
0 833 1
0 834 1
0 835 1
0 836 1
0 837 1
0 838 1
0 839 1
0 840 1
0 841 1
0 842 1
0 843 1
0 844 1
0 845 1
0 846 1
0 847 1
0 848 1
0 849 1
0 850 1
0 851 1
0 852 1
0 853 1
0 854 1
0 855 1
0 856 1
0 857 1
0 858 1
0 859 1
0 860 1
0 861 1
0 862 1
0 863 1
0 864 1
0 865 1
0 866 1
0 867 1
0 868 1
0 869 1
0 870 1
0 871 1
0 872 1
0 873 1
0 874 1
0 875 1
0 876 1
0 877 1
0 878 1
0 879 1
0 880 1
0 881 1
0 882 1
0 883 1
0 884 1
0 885 1
0 886 1
0 887 1
0 888 1
0 889 1
0 890 1
0 891 1
0 892 1
0 893 1
0 894 1
0 895 1
0 896 1
0 897 1
0 898 1
0 899 1
0 900 1
0 901 1
0 902 1
0 903 1
0 904 1
0 905 1
0 906 1
0 907 1
0 908 1
0 909 1
0 910 1
0 911 1
0 912 1
0 913 1
0 914 1
0 915 1
0 916 1
0 917 1
0 918 1
0 919 1
0 920 1
0 921 1
0 922 1
0 923 1
0 924 1
0 925 1
0 926 1
0 927 1
0 928 1
0 929 1
0 930 1
0 931 1
0 932 1
0 933 1
0 934 1
0 935 1
0 936 1
0 937 1
0 938 1
0 939 1
0 940 1
0 941 1
0 942 1
0 943 1
0 944 1
0 945 1
0 946 1
0 947 1
0 948 1
0 949 1
0 950 1
0 951 1
0 952 1
0 953 1
0 954 1
0 955 1
0 956 1
0 957 1
0 958 1
0 959 1
0 960 1
0 961 1
0 962 1
0 963 1
0 964 1
0 965 1
0 966 1
0 967 1
0 968 1
0 969 1
0 970 1
0 971 1
0 972 1
0 973 1
0 974 1
0 975 1
0 976 1
0 977 1
0 978 1
0 979 1
0 980 1
0 981 1
0 982 1
0 983 1
0 984 1
0 985 1
0 986 1
0 987 1
0 988 1
0 989 1
0 990 1
0 991 1
0 992 1
0 993 1
0 994 1
0 995 1
0 996 1
0 997 1
0 998 1
0 999 1
0 1000 1
0 1001 1
0 1002 1
0 1003 1
0 1004 1
0 1005 1
0 1006 1
0 1007 1
0 1008 1
0 1009 1
0 1010 1
0 1011 1
0 1012 1
0 1013 1
0 1014 1
0 1015 1
0 1016 1
0 1017 1
0 1018 1
0 1019 1
0 1020 1
0 1021 1
0 1022 1
0 1023 1
512 0 1
512 1 1
512 2 1
512 3 1
512 4 1
512 5 1
512 6 1
512 7 1
512 8 1
512 9 1
512 10 1
512 11 1
512 12 1
512 13 1
512 14 1
512 15 1
512 16 1
512 17 1
512 18 1
512 19 1
512 20 1
512 21 1
512 22 1
512 23 1
512 24 1
512 25 1
512 26 1
512 27 1
512 28 1
512 29 1
512 30 1
512 31 1
512 32 1
512 33 1
512 34 1
512 35 1
512 36 1
512 37 1
512 38 1
512 39 1
512 40 1
512 41 1
512 42 1
512 43 1
512 44 1
512 45 1
512 46 1
512 47 1
512 48 1
512 49 1
512 50 1
512 51 1
512 52 1
512 53 1
512 54 1
512 55 1
512 56 1
512 57 1
512 58 1
512 59 1
512 60 1
512 61 1
512 62 1
512 63 1
512 64 1
512 65 1
512 66 1
512 67 1
512 68 1
512 69 1
512 70 1
512 71 1
512 72 1
512 73 1
512 74 1
512 75 1
512 76 1
512 77 1
512 78 1
512 79 1
512 80 1
512 81 1
512 82 1
512 83 1
512 84 1
512 85 1
512 86 1
512 87 1
512 88 1
512 89 1
512 90 1
512 91 1
512 92 1
512 93 1
512 94 1
512 95 1
512 96 1
512 97 1
512 98 1
512 99 1
512 100 1
512 101 1
512 102 1
512 103 1
512 104 1
512 105 1
512 106 1
512 107 1
512 108 1
512 109 1
512 110 1
512 111 1
512 112 1
512 113 1
512 114 1
512 115 1
512 116 1
512 117 1
512 118 1
512 119 1
512 120 1
512 121 1
512 122 1
512 123 1
512 124 1
512 125 1
512 126 1
512 127 1
512 128 1
512 129 1
512 130 1
512 131 1
512 132 1
512 133 1
512 134 1
512 135 1
512 136 1
512 137 1
512 138 1
512 139 1
512 140 1
512 141 1
512 142 1
512 143 1
512 144 1
512 145 1
512 146 1
512 147 1
512 148 1
512 149 1
512 150 1
512 151 1
512 152 1
512 153 1
512 154 1
512 155 1
512 156 1
512 157 1
512 158 1
512 159 1
512 160 1
512 161 1
512 162 1
512 163 1
512 164 1
512 165 1
512 166 1
512 167 1
512 168 1
512 169 1
512 170 1
512 171 1
512 172 1
512 173 1
512 174 1
512 175 1
512 176 1
512 177 1
512 178 1
512 179 1
512 180 1
512 181 1
512 182 1
512 183 1
512 184 1
512 185 1
512 186 1
512 187 1
512 188 1
512 189 1
512 190 1
512 191 1
512 192 1
512 193 1
512 194 1
512 195 1
512 196 1
512 197 1
512 198 1
512 199 1
512 200 1
512 201 1
512 202 1
512 203 1
512 204 1
512 205 1
512 206 1
512 207 1
512 208 1
512 209 1
512 210 1
512 211 1
512 212 1
512 213 1
512 214 1
512 215 1
512 216 1
512 217 1
512 218 1
512 219 1
512 220 1
512 221 1
512 222 1
512 223 1
512 224 1
512 225 1
512 226 1
512 227 1
512 228 1
512 229 1
512 230 1
512 231 1
512 232 1
512 233 1
512 234 1
512 235 1
512 236 1
512 237 1
512 238 1
512 239 1
512 240 1
512 241 1
512 242 1
512 243 1
512 244 1
512 245 1
512 246 1
512 247 1
512 248 1
512 249 1
512 250 1
512 251 1
512 252 1
512 253 1
512 254 1
512 255 1
512 256 1
512 257 1
512 258 1
512 259 1
512 260 1
512 261 1
512 262 1
512 263 1
512 264 1
512 265 1
512 266 1
512 267 1
512 268 1
512 269 1
512 270 1
512 271 1
512 272 1
512 273 1
512 274 1
512 275 1
512 276 1
512 277 1
512 278 1
512 279 1
512 280 1
512 281 1
512 282 1
512 283 1
512 284 1
512 285 1
512 286 1
512 287 1
512 288 1
512 289 1
512 290 1
512 291 1
512 292 1
512 293 1
512 294 1
512 295 1
512 296 1
512 297 1
512 298 1
512 299 1
512 300 1
512 301 1
512 302 1
512 303 1
512 304 1
512 305 1
512 306 1
512 307 1
512 308 1
512 309 1
512 310 1
512 311 1
512 312 1
512 313 1
512 314 1
512 315 1
512 316 1
512 317 1
512 318 1
512 319 1
512 320 1
512 321 1
512 322 1
512 323 1
512 324 1
512 325 1
512 326 1
512 327 1
512 328 1
512 329 1
512 330 1
512 331 1
512 332 1
512 333 1
512 334 1
512 335 1
512 336 1
512 337 1
512 338 1
512 339 1
512 340 1
512 341 1
512 342 1
512 343 1
512 344 1
512 345 1
512 346 1
512 347 1
512 348 1
512 349 1
512 350 1
512 351 1
512 352 1
512 353 1
512 354 1
512 355 1
512 356 1
512 357 1
512 358 1
512 359 1
512 360 1
512 361 1
512 362 1
512 363 1
512 364 1
512 365 1
512 366 1
512 367 1
512 368 1
512 369 1
512 370 1
512 371 1
512 372 1
512 373 1
512 374 1
512 375 1
512 376 1
512 377 1
512 378 1
512 379 1
512 380 1
512 381 1
512 382 1
512 383 1
512 384 1
512 385 1
512 386 1
512 387 1
512 388 1
512 389 1
512 390 1
512 391 1
512 392 1
512 393 1
512 394 1
512 395 1
512 396 1
512 397 1
512 398 1
512 399 1
512 400 1
512 401 1
512 402 1
512 403 1
512 404 1
512 405 1
512 406 1
512 407 1
512 408 1
512 409 1
512 410 1
512 411 1
512 412 1
512 413 1
512 414 1
512 415 1
512 416 1
512 417 1
512 418 1
512 419 1
512 420 1
512 421 1
512 422 1
512 423 1
512 424 1
512 425 1
512 426 1
512 427 1
512 428 1
512 429 1
512 430 1
512 431 1
512 432 1
512 433 1
512 434 1
512 435 1
512 436 1
512 437 1
512 438 1
512 439 1
512 440 1
512 441 1
512 442 1
512 443 1
512 444 1
512 445 1
512 446 1
512 447 1
512 448 1
512 449 1
512 450 1
512 451 1
512 452 1
512 453 1
512 454 1
512 455 1
512 456 1
512 457 1
512 458 1
512 459 1
512 460 1
512 461 1
512 462 1
512 463 1
512 464 1
512 465 1
512 466 1
512 467 1
512 468 1
512 469 1
512 470 1
512 471 1
512 472 1
512 473 1
512 474 1
512 475 1
512 476 1
512 477 1
512 478 1
512 479 1
512 480 1
512 481 1
512 482 1
512 483 1
512 484 1
512 485 1
512 486 1
512 487 1
512 488 1
512 489 1
512 490 1
512 491 1
512 492 1
512 493 1
512 494 1
512 495 1
512 496 1
512 497 1
512 498 1
512 499 1
512 500 1
512 501 1
512 502 1
512 503 1
512 504 1
512 505 1
512 506 1
512 507 1
512 508 1
512 509 1
512 510 1
512 511 1
512 512 1
512 513 1
512 514 1
512 515 1
512 516 1
512 517 1
512 518 1
512 519 1
512 520 1
512 521 1
512 522 1
512 523 1
512 524 1
512 525 1
512 526 1
512 527 1
512 528 1
512 529 1
512 530 1
512 531 1
512 532 1
512 533 1
512 534 1
512 535 1
512 536 1
512 537 1
512 538 1
512 539 1
512 540 1
512 541 1
512 542 1
512 543 1
512 544 1
512 545 1
512 546 1
512 547 1
512 548 1
512 549 1
512 550 1
512 551 1
512 552 1
512 553 1
512 554 1
512 555 1
512 556 1
512 557 1
512 558 1
512 559 1
512 560 1
512 561 1
512 562 1
512 563 1
512 564 1
512 565 1
512 566 1
512 567 1
512 568 1
512 569 1
512 570 1
512 571 1
512 572 1
512 573 1
512 574 1
512 575 1
512 576 1
512 577 1
512 578 1
512 579 1
512 580 1
512 581 1
512 582 1
512 583 1
512 584 1
512 585 1
512 586 1
512 587 1
512 588 1
512 589 1
512 590 1
512 591 1
512 592 1
512 593 1
512 594 1
512 595 1
512 596 1
512 597 1
512 598 1
512 599 1
512 600 1
512 601 1
512 602 1
512 603 1
512 604 1
512 605 1
512 606 1
512 607 1
512 608 1
512 609 1
512 610 1
512 611 1
512 612 1
512 613 1
512 614 1
512 615 1
512 616 1
512 617 1
512 618 1
512 619 1
512 620 1
512 621 1
512 622 1
512 623 1
512 624 1
512 625 1
512 626 1
512 627 1
512 628 1
512 629 1
512 630 1
512 631 1
512 632 1
512 633 1
512 634 1
512 635 1
512 636 1
512 637 1
512 638 1
512 639 1
512 640 1
512 641 1
512 642 1
512 643 1
512 644 1
512 645 1
512 646 1
512 647 1
512 648 1
512 649 1
512 650 1
512 651 1
512 652 1
512 653 1
512 654 1
512 655 1
512 656 1
512 657 1
512 658 1
512 659 1
512 660 1
512 661 1
512 662 1
512 663 1
512 664 1
512 665 1
512 666 1
512 667 1
512 668 1
512 669 1
512 670 1
512 671 1
512 672 1
512 673 1
512 674 1
512 675 1
512 676 1
512 677 1
512 678 1
512 679 1
512 680 1
512 681 1
512 682 1
512 683 1
512 684 1
512 685 1
512 686 1
512 687 1
512 688 1
512 689 1
512 690 1
512 691 1
512 692 1
512 693 1
512 694 1
512 695 1
512 696 1
512 697 1
512 698 1
512 699 1
512 700 1
512 701 1
512 702 1
512 703 1
512 704 1
512 705 1
512 706 1
512 707 1
512 708 1
512 709 1
512 710 1
512 711 1
512 712 1
512 713 1
512 714 1
512 715 1
512 716 1
512 717 1
512 718 1
512 719 1
512 720 1
512 721 1
512 722 1
512 723 1
512 724 1
512 725 1
512 726 1
512 727 1
512 728 1
512 729 1
512 730 1
512 731 1
512 732 1
512 733 1
512 734 1
512 735 1
512 736 1
512 737 1
512 738 1
512 739 1
512 740 1
512 741 1
512 742 1
512 743 1
512 744 1
512 745 1
512 746 1
512 747 1
512 748 1
512 749 1
512 750 1
512 751 1
512 752 1
512 753 1
512 754 1
512 755 1
512 756 1
512 757 1
512 758 1
512 759 1
512 760 1
512 761 1
512 762 1
512 763 1
512 764 1
512 765 1
512 766 1
512 767 1
512 768 1
512 769 1
512 770 1
512 771 1
512 772 1
512 773 1
512 774 1
512 775 1
512 776 1
512 777 1
512 778 1
512 779 1
512 780 1
512 781 1
512 782 1
512 783 1
512 784 1
512 785 1
512 786 1
512 787 1
512 788 1
512 789 1
512 790 1
512 791 1
512 792 1
512 793 1
512 794 1
512 795 1
512 796 1
512 797 1
512 798 1
512 799 1
512 800 1
512 801 1
512 802 1
512 803 1
512 804 1
512 805 1
512 806 1
512 807 1
512 808 1
512 809 1
512 810 1
512 811 1
512 812 1
512 813 1
512 814 1
512 815 1
512 816 1
512 817 1
512 818 1
512 819 1
512 820 1
512 821 1
512 822 1
512 823 1
512 824 1
512 825 1
512 826 1
512 827 1
512 828 1
512 829 1
512 830 1
512 831 1
512 832 1
512 833 1
512 834 1
512 835 1
512 836 1
512 837 1
512 838 1
512 839 1
512 840 1
512 841 1
512 842 1
512 843 1
512 844 1
512 845 1
512 846 1
512 847 1
512 848 1
512 849 1
512 850 1
512 851 1
512 852 1
512 853 1
512 854 1
512 855 1
512 856 1
512 857 1
512 858 1
512 859 1
512 860 1
512 861 1
512 862 1
512 863 1
512 864 1
512 865 1
512 866 1
512 867 1
512 868 1
512 869 1
512 870 1
512 871 1
512 872 1
512 873 1
512 874 1
512 875 1
512 876 1
512 877 1
512 878 1
512 879 1
512 880 1
512 881 1
512 882 1
512 883 1
512 884 1
512 885 1
512 886 1
512 887 1
512 888 1
512 889 1
512 890 1
512 891 1
512 892 1
512 893 1
512 894 1
512 895 1
512 896 1
512 897 1
512 898 1
512 899 1
512 900 1
512 901 1
512 902 1
512 903 1
512 904 1
512 905 1
512 906 1
512 907 1
512 908 1
512 909 1
512 910 1
512 911 1
512 912 1
512 913 1
512 914 1
512 915 1
512 916 1
512 917 1
512 918 1
512 919 1
512 920 1
512 921 1
512 922 1
512 923 1
512 924 1
512 925 1
512 926 1
512 927 1
512 928 1
512 929 1
512 930 1
512 931 1
512 932 1
512 933 1
512 934 1
512 935 1
512 936 1
512 937 1
512 938 1
512 939 1
512 940 1
512 941 1
512 942 1
512 943 1
512 944 1
512 945 1
512 946 1
512 947 1
512 948 1
512 949 1
512 950 1
512 951 1
512 952 1
512 953 1
512 954 1
512 955 1
512 956 1
512 957 1
512 958 1
512 959 1
512 960 1
512 961 1
512 962 1
512 963 1
512 964 1
512 965 1
512 966 1
512 967 1
512 968 1
512 969 1
512 970 1
512 971 1
512 972 1
512 973 1
512 974 1
512 975 1
512 976 1
512 977 1
512 978 1
512 979 1
512 980 1
512 981 1
512 982 1
512 983 1
512 984 1
512 985 1
512 986 1
512 987 1
512 988 1
512 989 1
512 990 1
512 991 1
512 992 1
512 993 1
512 994 1
512 995 1
512 996 1
512 997 1
512 998 1
512 999 1
512 1000 1
512 1001 1
512 1002 1
512 1003 1
512 1004 1
512 1005 1
512 1006 1
512 1007 1
512 1008 1
512 1009 1
512 1010 1
512 1011 1
512 1012 1
512 1013 1
512 1014 1
512 1015 1
512 1016 1
512 1017 1
512 1018 1
512 1019 1
512 1020 1
512 1021 1
512 1022 1
512 1023 1
1024 0 1
1024 1 1
1024 2 1
1024 3 1
1024 4 1
1024 5 1
1024 6 1
1024 7 1
1024 8 1
1024 9 1
1024 10 1
1024 11 1
1024 12 1
1024 13 1
1024 14 1
1024 15 1
1024 16 1
1024 17 1
1024 18 1
1024 19 1
1024 20 1
1024 21 1
1024 22 1
1024 23 1
1024 24 1
1024 25 1
1024 26 1
1024 27 1
1024 28 1
1024 29 1
1024 30 1
1024 31 1
1024 32 1
1024 33 1
1024 34 1
1024 35 1
1024 36 1
1024 37 1
1024 38 1
1024 39 1
1024 40 1
1024 41 1
1024 42 1
1024 43 1
1024 44 1
1024 45 1
1024 46 1
1024 47 1
1024 48 1
1024 49 1
1024 50 1
1024 51 1
1024 52 1
1024 53 1
1024 54 1
1024 55 1
1024 56 1
1024 57 1
1024 58 1
1024 59 1
1024 60 1
1024 61 1
1024 62 1
1024 63 1
1024 64 1
1024 65 1
1024 66 1
1024 67 1
1024 68 1
1024 69 1
1024 70 1
1024 71 1
1024 72 1
1024 73 1
1024 74 1
1024 75 1
1024 76 1
1024 77 1
1024 78 1
1024 79 1
1024 80 1
1024 81 1
1024 82 1
1024 83 1
1024 84 1
1024 85 1
1024 86 1
1024 87 1
1024 88 1
1024 89 1
1024 90 1
1024 91 1
1024 92 1
1024 93 1
1024 94 1
1024 95 1
1024 96 1
1024 97 1
1024 98 1
1024 99 1
1024 100 1
1024 101 1
1024 102 1
1024 103 1
1024 104 1
1024 105 1
1024 106 1
1024 107 1
1024 108 1
1024 109 1
1024 110 1
1024 111 1
1024 112 1
1024 113 1
1024 114 1
1024 115 1
1024 116 1
1024 117 1
1024 118 1
1024 119 1
1024 120 1
1024 121 1
1024 122 1
1024 123 1
1024 124 1
1024 125 1
1024 126 1
1024 127 1
1024 128 1
1024 129 1
1024 130 1
1024 131 1
1024 132 1
1024 133 1
1024 134 1
1024 135 1
1024 136 1
1024 137 1
1024 138 1
1024 139 1
1024 140 1
1024 141 1
1024 142 1
1024 143 1
1024 144 1
1024 145 1
1024 146 1
1024 147 1
1024 148 1
1024 149 1
1024 150 1
1024 151 1
1024 152 1
1024 153 1
1024 154 1
1024 155 1
1024 156 1
1024 157 1
1024 158 1
1024 159 1
1024 160 1
1024 161 1
1024 162 1
1024 163 1
1024 164 1
1024 165 1
1024 166 1
1024 167 1
1024 168 1
1024 169 1
1024 170 1
1024 171 1
1024 172 1
1024 173 1
1024 174 1
1024 175 1
1024 176 1
1024 177 1
1024 178 1
1024 179 1
1024 180 1
1024 181 1
1024 182 1
1024 183 1
1024 184 1
1024 185 1
1024 186 1
1024 187 1
1024 188 1
1024 189 1
1024 190 1
1024 191 1
1024 192 1
1024 193 1
1024 194 1
1024 195 1
1024 196 1
1024 197 1
1024 198 1
1024 199 1
1024 200 1
1024 201 1
1024 202 1
1024 203 1
1024 204 1
1024 205 1
1024 206 1
1024 207 1
1024 208 1
1024 209 1
1024 210 1
1024 211 1
1024 212 1
1024 213 1
1024 214 1
1024 215 1
1024 216 1
1024 217 1
1024 218 1
1024 219 1
1024 220 1
1024 221 1
1024 222 1
1024 223 1
1024 224 1
1024 225 1
1024 226 1
1024 227 1
1024 228 1
1024 229 1
1024 230 1
1024 231 1
1024 232 1
1024 233 1
1024 234 1
1024 235 1
1024 236 1
1024 237 1
1024 238 1
1024 239 1
1024 240 1
1024 241 1
1024 242 1
1024 243 1
1024 244 1
1024 245 1
1024 246 1
1024 247 1
1024 248 1
1024 249 1
1024 250 1
1024 251 1
1024 252 1
1024 253 1
1024 254 1
1024 255 1
1024 256 1
1024 257 1
1024 258 1
1024 259 1
1024 260 1
1024 261 1
1024 262 1
1024 263 1
1024 264 1
1024 265 1
1024 266 1
1024 267 1
1024 268 1
1024 269 1
1024 270 1
1024 271 1
1024 272 1
1024 273 1
1024 274 1
1024 275 1
1024 276 1
1024 277 1
1024 278 1
1024 279 1
1024 280 1
1024 281 1
1024 282 1
1024 283 1
1024 284 1
1024 285 1
1024 286 1
1024 287 1
1024 288 1
1024 289 1
1024 290 1
1024 291 1
1024 292 1
1024 293 1
1024 294 1
1024 295 1
1024 296 1
1024 297 1
1024 298 1
1024 299 1
1024 300 1
1024 301 1
1024 302 1
1024 303 1
1024 304 1
1024 305 1
1024 306 1
1024 307 1
1024 308 1
1024 309 1
1024 310 1
1024 311 1
1024 312 1
1024 313 1
1024 314 1
1024 315 1
1024 316 1
1024 317 1
1024 318 1
1024 319 1
1024 320 1
1024 321 1
1024 322 1
1024 323 1
1024 324 1
1024 325 1
1024 326 1
1024 327 1
1024 328 1
1024 329 1
1024 330 1
1024 331 1
1024 332 1
1024 333 1
1024 334 1
1024 335 1
1024 336 1
1024 337 1
1024 338 1
1024 339 1
1024 340 1
1024 341 1
1024 342 1
1024 343 1
1024 344 1
1024 345 1
1024 346 1
1024 347 1
1024 348 1
1024 349 1
1024 350 1
1024 351 1
1024 352 1
1024 353 1
1024 354 1
1024 355 1
1024 356 1
1024 357 1
1024 358 1
1024 359 1
1024 360 1
1024 361 1
1024 362 1
1024 363 1
1024 364 1
1024 365 1
1024 366 1
1024 367 1
1024 368 1
1024 369 1
1024 370 1
1024 371 1
1024 372 1
1024 373 1
1024 374 1
1024 375 1
1024 376 1
1024 377 1
1024 378 1
1024 379 1
1024 380 1
1024 381 1
1024 382 1
1024 383 1
1024 384 1
1024 385 1
1024 386 1
1024 387 1
1024 388 1
1024 389 1
1024 390 1
1024 391 1
1024 392 1
1024 393 1
1024 394 1
1024 395 1
1024 396 1
1024 397 1
1024 398 1
1024 399 1
1024 400 1
1024 401 1
1024 402 1
1024 403 1
1024 404 1
1024 405 1
1024 406 1
1024 407 1
1024 408 1
1024 409 1
1024 410 1
1024 411 1
1024 412 1
1024 413 1
1024 414 1
1024 415 1
1024 416 1
1024 417 1
1024 418 1
1024 419 1
1024 420 1
1024 421 1
1024 422 1
1024 423 1
1024 424 1
1024 425 1
1024 426 1
1024 427 1
1024 428 1
1024 429 1
1024 430 1
1024 431 1
1024 432 1
1024 433 1
1024 434 1
1024 435 1
1024 436 1
1024 437 1
1024 438 1
1024 439 1
1024 440 1
1024 441 1
1024 442 1
1024 443 1
1024 444 1
1024 445 1
1024 446 1
1024 447 1
1024 448 1
1024 449 1
1024 450 1
1024 451 1
1024 452 1
1024 453 1
1024 454 1
1024 455 1
1024 456 1
1024 457 1
1024 458 1
1024 459 1
1024 460 1
1024 461 1
1024 462 1
1024 463 1
1024 464 1
1024 465 1
1024 466 1
1024 467 1
1024 468 1
1024 469 1
1024 470 1
1024 471 1
1024 472 1
1024 473 1
1024 474 1
1024 475 1
1024 476 1
1024 477 1
1024 478 1
1024 479 1
1024 480 1
1024 481 1
1024 482 1
1024 483 1
1024 484 1
1024 485 1
1024 486 1
1024 487 1
1024 488 1
1024 489 1
1024 490 1
1024 491 1
1024 492 1
1024 493 1
1024 494 1
1024 495 1
1024 496 1
1024 497 1
1024 498 1
1024 499 1
1024 500 1
1024 501 1
1024 502 1
1024 503 1
1024 504 1
1024 505 1
1024 506 1
1024 507 1
1024 508 1
1024 509 1
1024 510 1
1024 511 1
1024 512 1
1024 513 1
1024 514 1
1024 515 1
1024 516 1
1024 517 1
1024 518 1
1024 519 1
1024 520 1
1024 521 1
1024 522 1
1024 523 1
1024 524 1
1024 525 1
1024 526 1
1024 527 1
1024 528 1
1024 529 1
1024 530 1
1024 531 1
1024 532 1
1024 533 1
1024 534 1
1024 535 1
1024 536 1
1024 537 1
1024 538 1
1024 539 1
1024 540 1
1024 541 1
1024 542 1
1024 543 1
1024 544 1
1024 545 1
1024 546 1
1024 547 1
1024 548 1
1024 549 1
1024 550 1
1024 551 1
1024 552 1
1024 553 1
1024 554 1
1024 555 1
1024 556 1
1024 557 1
1024 558 1
1024 559 1
1024 560 1
1024 561 1
1024 562 1
1024 563 1
1024 564 1
1024 565 1
1024 566 1
1024 567 1
1024 568 1
1024 569 1
1024 570 1
1024 571 1
1024 572 1
1024 573 1
1024 574 1
1024 575 1
1024 576 1
1024 577 1
1024 578 1
1024 579 1
1024 580 1
1024 581 1
1024 582 1
1024 583 1
1024 584 1
1024 585 1
1024 586 1
1024 587 1
1024 588 1
1024 589 1
1024 590 1
1024 591 1
1024 592 1
1024 593 1
1024 594 1
1024 595 1
1024 596 1
1024 597 1
1024 598 1
1024 599 1
1024 600 1
1024 601 1
1024 602 1
1024 603 1
1024 604 1
1024 605 1
1024 606 1
1024 607 1
1024 608 1
1024 609 1
1024 610 1
1024 611 1
1024 612 1
1024 613 1
1024 614 1
1024 615 1
1024 616 1
1024 617 1
1024 618 1
1024 619 1
1024 620 1
1024 621 1
1024 622 1
1024 623 1
1024 624 1
1024 625 1
1024 626 1
1024 627 1
1024 628 1
1024 629 1
1024 630 1
1024 631 1
1024 632 1
1024 633 1
1024 634 1
1024 635 1
1024 636 1
1024 637 1
1024 638 1
1024 639 1
1024 640 1
1024 641 1
1024 642 1
1024 643 1
1024 644 1
1024 645 1
1024 646 1
1024 647 1
1024 648 1
1024 649 1
1024 650 1
1024 651 1
1024 652 1
1024 653 1
1024 654 1
1024 655 1
1024 656 1
1024 657 1
1024 658 1
1024 659 1
1024 660 1
1024 661 1
1024 662 1
1024 663 1
1024 664 1
1024 665 1
1024 666 1
1024 667 1
1024 668 1
1024 669 1
1024 670 1
1024 671 1
1024 672 1
1024 673 1
1024 674 1
1024 675 1
1024 676 1
1024 677 1
1024 678 1
1024 679 1
1024 680 1
1024 681 1
1024 682 1
1024 683 1
1024 684 1
1024 685 1
1024 686 1
1024 687 1
1024 688 1
1024 689 1
1024 690 1
1024 691 1
1024 692 1
1024 693 1
1024 694 1
1024 695 1
1024 696 1
1024 697 1
1024 698 1
1024 699 1
1024 700 1
1024 701 1
1024 702 1
1024 703 1
1024 704 1
1024 705 1
1024 706 1
1024 707 1
1024 708 1
1024 709 1
1024 710 1
1024 711 1
1024 712 1
1024 713 1
1024 714 1
1024 715 1
1024 716 1
1024 717 1
1024 718 1
1024 719 1
1024 720 1
1024 721 1
1024 722 1
1024 723 1
1024 724 1
1024 725 1
1024 726 1
1024 727 1
1024 728 1
1024 729 1
1024 730 1
1024 731 1
1024 732 1
1024 733 1
1024 734 1
1024 735 1
1024 736 1
1024 737 1
1024 738 1
1024 739 1
1024 740 1
1024 741 1
1024 742 1
1024 743 1
1024 744 1
1024 745 1
1024 746 1
1024 747 1
1024 748 1
1024 749 1
1024 750 1
1024 751 1
1024 752 1
1024 753 1
1024 754 1
1024 755 1
1024 756 1
1024 757 1
1024 758 1
1024 759 1
1024 760 1
1024 761 1
1024 762 1
1024 763 1
1024 764 1
1024 765 1
1024 766 1
1024 767 1
1024 768 1
1024 769 1
1024 770 1
1024 771 1
1024 772 1
1024 773 1
1024 774 1
1024 775 1
1024 776 1
1024 777 1
1024 778 1
1024 779 1
1024 780 1
1024 781 1
1024 782 1
1024 783 1
1024 784 1
1024 785 1
1024 786 1
1024 787 1
1024 788 1
1024 789 1
1024 790 1
1024 791 1
1024 792 1
1024 793 1
1024 794 1
1024 795 1
1024 796 1
1024 797 1
1024 798 1
1024 799 1
1024 800 1
1024 801 1
1024 802 1
1024 803 1
1024 804 1
1024 805 1
1024 806 1
1024 807 1
1024 808 1
1024 809 1
1024 810 1
1024 811 1
1024 812 1
1024 813 1
1024 814 1
1024 815 1
1024 816 1
1024 817 1
1024 818 1
1024 819 1
1024 820 1
1024 821 1
1024 822 1
1024 823 1
1024 824 1
1024 825 1
1024 826 1
1024 827 1
1024 828 1
1024 829 1
1024 830 1
1024 831 1
1024 832 1
1024 833 1
1024 834 1
1024 835 1
1024 836 1
1024 837 1
1024 838 1
1024 839 1
1024 840 1
1024 841 1
1024 842 1
1024 843 1
1024 844 1
1024 845 1
1024 846 1
1024 847 1
1024 848 1
1024 849 1
1024 850 1
1024 851 1
1024 852 1
1024 853 1
1024 854 1
1024 855 1
1024 856 1
1024 857 1
1024 858 1
1024 859 1
1024 860 1
1024 861 1
1024 862 1
1024 863 1
1024 864 1
1024 865 1
1024 866 1
1024 867 1
1024 868 1
1024 869 1
1024 870 1
1024 871 1
1024 872 1
1024 873 1
1024 874 1
1024 875 1
1024 876 1
1024 877 1
1024 878 1
1024 879 1
1024 880 1
1024 881 1
1024 882 1
1024 883 1
1024 884 1
1024 885 1
1024 886 1
1024 887 1
1024 888 1
1024 889 1
1024 890 1
1024 891 1
1024 892 1
1024 893 1
1024 894 1
1024 895 1
1024 896 1
1024 897 1
1024 898 1
1024 899 1
1024 900 1
1024 901 1
1024 902 1
1024 903 1
1024 904 1
1024 905 1
1024 906 1
1024 907 1
1024 908 1
1024 909 1
1024 910 1
1024 911 1
1024 912 1
1024 913 1
1024 914 1
1024 915 1
1024 916 1
1024 917 1
1024 918 1
1024 919 1
1024 920 1
1024 921 1
1024 922 1
1024 923 1
1024 924 1
1024 925 1
1024 926 1
1024 927 1
1024 928 1
1024 929 1
1024 930 1
1024 931 1
1024 932 1
1024 933 1
1024 934 1
1024 935 1
1024 936 1
1024 937 1
1024 938 1
1024 939 1
1024 940 1
1024 941 1
1024 942 1
1024 943 1
1024 944 1
1024 945 1
1024 946 1
1024 947 1
1024 948 1
1024 949 1
1024 950 1
1024 951 1
1024 952 1
1024 953 1
1024 954 1
1024 955 1
1024 956 1
1024 957 1
1024 958 1
1024 959 1
1024 960 1
1024 961 1
1024 962 1
1024 963 1
1024 964 1
1024 965 1
1024 966 1
1024 967 1
1024 968 1
1024 969 1
1024 970 1
1024 971 1
1024 972 1
1024 973 1
1024 974 1
1024 975 1
1024 976 1
1024 977 1
1024 978 1
1024 979 1
1024 980 1
1024 981 1
1024 982 1
1024 983 1
1024 984 1
1024 985 1
1024 986 1
1024 987 1
1024 988 1
1024 989 1
1024 990 1
1024 991 1
1024 992 1
1024 993 1
1024 994 1
1024 995 1
1024 996 1
1024 997 1
1024 998 1
1024 999 1
1024 1000 1
1024 1001 1
1024 1002 1
1024 1003 1
1024 1004 1
1024 1005 1
1024 1006 1
1024 1007 1
1024 1008 1
1024 1009 1
1024 1010 1
1024 1011 1
1024 1012 1
1024 1013 1
1024 1014 1
1024 1015 1
1024 1016 1
1024 1017 1
1024 1018 1
1024 1019 1
1024 1020 1
1024 1021 1
1024 1022 1
1024 1023 1
