0 0 1
1 0 1
2 0 1
3 0 1
4 0 1
5 0 1
6 0 1
7 0 1
8 0 1
9 0 1
10 0 1
11 0 1
12 0 1
13 0 1
14 0 1
15 0 1
16 0 1
17 0 1
18 0 1
19 0 1
20 0 1
21 0 1
22 0 1
23 0 1
24 0 1
25 0 1
26 0 1
27 0 1
28 0 1
29 0 1
30 0 1
31 0 1
32 0 1
33 0 1
34 0 1
35 0 1
36 0 1
37 0 1
38 0 1
39 0 1
40 0 1
41 0 1
42 0 1
43 0 1
44 0 1
45 0 1
46 0 1
47 0 1
48 0 1
49 0 1
50 0 1
51 0 1
52 0 1
53 0 1
54 0 1
55 0 1
56 0 1
57 0 1
58 0 1
59 0 1
60 0 1
61 0 1
62 0 1
63 0 1
64 0 1
65 0 1
66 0 1
67 0 1
68 0 1
69 0 1
70 0 1
71 0 1
72 0 1
73 0 1
74 0 1
75 0 1
76 0 1
77 0 1
78 0 1
79 0 1
80 0 1
81 0 1
82 0 1
83 0 1
84 0 1
85 0 1
86 0 1
87 0 1
88 0 1
89 0 1
90 0 1
91 0 1
92 0 1
93 0 1
94 0 1
95 0 1
96 0 1
97 0 1
98 0 1
99 0 1
100 0 1
101 0 1
102 0 1
103 0 1
104 0 1
105 0 1
106 0 1
107 0 1
108 0 1
109 0 1
110 0 1
111 0 1
112 0 1
113 0 1
114 0 1
115 0 1
116 0 1
117 0 1
118 0 1
119 0 1
120 0 1
121 0 1
122 0 1
123 0 1
124 0 1
125 0 1
126 0 1
127 0 1
128 0 1
129 0 1
130 0 1
131 0 1
132 0 1
133 0 1
134 0 1
135 0 1
136 0 1
137 0 1
138 0 1
139 0 1
140 0 1
141 0 1
142 0 1
143 0 1
144 0 1
145 0 1
146 0 1
147 0 1
148 0 1
149 0 1
150 0 1
151 0 1
152 0 1
153 0 1
154 0 1
155 0 1
156 0 1
157 0 1
158 0 1
159 0 1
160 0 1
161 0 1
162 0 1
163 0 1
164 0 1
165 0 1
166 0 1
167 0 1
168 0 1
169 0 1
170 0 1
171 0 1
172 0 1
173 0 1
174 0 1
175 0 1
176 0 1
177 0 1
178 0 1
179 0 1
180 0 1
181 0 1
182 0 1
183 0 1
184 0 1
185 0 1
186 0 1
187 0 1
188 0 1
189 0 1
190 0 1
191 0 1
192 0 1
193 0 1
194 0 1
195 0 1
196 0 1
197 0 1
198 0 1
199 0 1
200 0 1
201 0 1
202 0 1
203 0 1
204 0 1
205 0 1
206 0 1
207 0 1
208 0 1
209 0 1
210 0 1
211 0 1
212 0 1
213 0 1
214 0 1
215 0 1
216 0 1
217 0 1
218 0 1
219 0 1
220 0 1
221 0 1
222 0 1
223 0 1
224 0 1
225 0 1
226 0 1
227 0 1
228 0 1
229 0 1
230 0 1
231 0 1
232 0 1
233 0 1
234 0 1
235 0 1
236 0 1
237 0 1
238 0 1
239 0 1
240 0 1
241 0 1
242 0 1
243 0 1
244 0 1
245 0 1
246 0 1
247 0 1
248 0 1
249 0 1
250 0 1
251 0 1
252 0 1
253 0 1
254 0 1
255 0 1
256 0 1
257 0 1
258 0 1
259 0 1
260 0 1
261 0 1
262 0 1
263 0 1
264 0 1
265 0 1
266 0 1
267 0 1
268 0 1
269 0 1
270 0 1
271 0 1
272 0 1
273 0 1
274 0 1
275 0 1
276 0 1
277 0 1
278 0 1
279 0 1
280 0 1
281 0 1
282 0 1
283 0 1
284 0 1
285 0 1
286 0 1
287 0 1
288 0 1
289 0 1
290 0 1
291 0 1
292 0 1
293 0 1
294 0 1
295 0 1
296 0 1
297 0 1
298 0 1
299 0 1
300 0 1
301 0 1
302 0 1
303 0 1
304 0 1
305 0 1
306 0 1
307 0 1
308 0 1
309 0 1
310 0 1
311 0 1
312 0 1
313 0 1
314 0 1
315 0 1
316 0 1
317 0 1
318 0 1
319 0 1
320 0 1
321 0 1
322 0 1
323 0 1
324 0 1
325 0 1
326 0 1
327 0 1
328 0 1
329 0 1
330 0 1
331 0 1
332 0 1
333 0 1
334 0 1
335 0 1
336 0 1
337 0 1
338 0 1
339 0 1
340 0 1
341 0 1
342 0 1
343 0 1
344 0 1
345 0 1
346 0 1
347 0 1
348 0 1
349 0 1
350 0 1
351 0 1
352 0 1
353 0 1
354 0 1
355 0 1
356 0 1
357 0 1
358 0 1
359 0 1
360 0 1
361 0 1
362 0 1
363 0 1
364 0 1
365 0 1
366 0 1
367 0 1
368 0 1
369 0 1
370 0 1
371 0 1
372 0 1
373 0 1
374 0 1
375 0 1
376 0 1
377 0 1
378 0 1
379 0 1
380 0 1
381 0 1
382 0 1
383 0 1
384 0 1
385 0 1
386 0 1
387 0 1
388 0 1
389 0 1
390 0 1
391 0 1
392 0 1
393 0 1
394 0 1
395 0 1
396 0 1
397 0 1
398 0 1
399 0 1
400 0 1
401 0 1
402 0 1
403 0 1
404 0 1
405 0 1
406 0 1
407 0 1
408 0 1
409 0 1
410 0 1
411 0 1
412 0 1
413 0 1
414 0 1
415 0 1
416 0 1
417 0 1
418 0 1
419 0 1
420 0 1
421 0 1
422 0 1
423 0 1
424 0 1
425 0 1
426 0 1
427 0 1
428 0 1
429 0 1
430 0 1
431 0 1
432 0 1
433 0 1
434 0 1
435 0 1
436 0 1
437 0 1
438 0 1
439 0 1
440 0 1
441 0 1
442 0 1
443 0 1
444 0 1
445 0 1
446 0 1
447 0 1
448 0 1
449 0 1
450 0 1
451 0 1
452 0 1
453 0 1
454 0 1
455 0 1
456 0 1
457 0 1
458 0 1
459 0 1
460 0 1
461 0 1
462 0 1
463 0 1
464 0 1
465 0 1
466 0 1
467 0 1
468 0 1
469 0 1
470 0 1
471 0 1
472 0 1
473 0 1
474 0 1
475 0 1
476 0 1
477 0 1
478 0 1
479 0 1
480 0 1
481 0 1
482 0 1
483 0 1
484 0 1
485 0 1
486 0 1
487 0 1
488 0 1
489 0 1
490 0 1
491 0 1
492 0 1
493 0 1
494 0 1
495 0 1
496 0 1
497 0 1
498 0 1
499 0 1
500 0 1
501 0 1
502 0 1
503 0 1
504 0 1
505 0 1
506 0 1
507 0 1
508 0 1
509 0 1
510 0 1
511 0 1
512 0 1
513 0 1
514 0 1
515 0 1
516 0 1
517 0 1
518 0 1
519 0 1
520 0 1
521 0 1
522 0 1
523 0 1
524 0 1
525 0 1
526 0 1
527 0 1
528 0 1
529 0 1
530 0 1
531 0 1
532 0 1
533 0 1
534 0 1
535 0 1
536 0 1
537 0 1
538 0 1
539 0 1
540 0 1
541 0 1
542 0 1
543 0 1
544 0 1
545 0 1
546 0 1
547 0 1
548 0 1
549 0 1
550 0 1
551 0 1
552 0 1
553 0 1
554 0 1
555 0 1
556 0 1
557 0 1
558 0 1
559 0 1
560 0 1
561 0 1
562 0 1
563 0 1
564 0 1
565 0 1
566 0 1
567 0 1
568 0 1
569 0 1
570 0 1
571 0 1
572 0 1
573 0 1
574 0 1
575 0 1
576 0 1
577 0 1
578 0 1
579 0 1
580 0 1
581 0 1
582 0 1
583 0 1
584 0 1
585 0 1
586 0 1
587 0 1
588 0 1
589 0 1
590 0 1
591 0 1
592 0 1
593 0 1
594 0 1
595 0 1
596 0 1
597 0 1
598 0 1
599 0 1
600 0 1
601 0 1
602 0 1
603 0 1
604 0 1
605 0 1
606 0 1
607 0 1
608 0 1
609 0 1
610 0 1
611 0 1
612 0 1
613 0 1
614 0 1
615 0 1
616 0 1
617 0 1
618 0 1
619 0 1
620 0 1
621 0 1
622 0 1
623 0 1
624 0 1
625 0 1
626 0 1
627 0 1
628 0 1
629 0 1
630 0 1
631 0 1
632 0 1
633 0 1
634 0 1
635 0 1
636 0 1
637 0 1
638 0 1
639 0 1
640 0 1
641 0 1
642 0 1
643 0 1
644 0 1
645 0 1
646 0 1
647 0 1
648 0 1
649 0 1
650 0 1
651 0 1
652 0 1
653 0 1
654 0 1
655 0 1
656 0 1
657 0 1
658 0 1
659 0 1
660 0 1
661 0 1
662 0 1
663 0 1
664 0 1
665 0 1
666 0 1
667 0 1
668 0 1
669 0 1
670 0 1
671 0 1
672 0 1
673 0 1
674 0 1
675 0 1
676 0 1
677 0 1
678 0 1
679 0 1
680 0 1
681 0 1
682 0 1
683 0 1
684 0 1
685 0 1
686 0 1
687 0 1
688 0 1
689 0 1
690 0 1
691 0 1
692 0 1
693 0 1
694 0 1
695 0 1
696 0 1
697 0 1
698 0 1
699 0 1
700 0 1
701 0 1
702 0 1
703 0 1
704 0 1
705 0 1
706 0 1
707 0 1
708 0 1
709 0 1
710 0 1
711 0 1
712 0 1
713 0 1
714 0 1
715 0 1
716 0 1
717 0 1
718 0 1
719 0 1
720 0 1
721 0 1
722 0 1
723 0 1
724 0 1
725 0 1
726 0 1
727 0 1
728 0 1
729 0 1
730 0 1
731 0 1
732 0 1
733 0 1
734 0 1
735 0 1
736 0 1
737 0 1
738 0 1
739 0 1
740 0 1
741 0 1
742 0 1
743 0 1
744 0 1
745 0 1
746 0 1
747 0 1
748 0 1
749 0 1
750 0 1
751 0 1
752 0 1
753 0 1
754 0 1
755 0 1
756 0 1
757 0 1
758 0 1
759 0 1
760 0 1
761 0 1
762 0 1
763 0 1
764 0 1
765 0 1
766 0 1
767 0 1
768 0 1
769 0 1
770 0 1
771 0 1
772 0 1
773 0 1
774 0 1
775 0 1
776 0 1
777 0 1
778 0 1
779 0 1
780 0 1
781 0 1
782 0 1
783 0 1
784 0 1
785 0 1
786 0 1
787 0 1
788 0 1
789 0 1
790 0 1
791 0 1
792 0 1
793 0 1
794 0 1
795 0 1
796 0 1
797 0 1
798 0 1
799 0 1
800 0 1
801 0 1
802 0 1
803 0 1
804 0 1
805 0 1
806 0 1
807 0 1
808 0 1
809 0 1
810 0 1
811 0 1
812 0 1
813 0 1
814 0 1
815 0 1
816 0 1
817 0 1
818 0 1
819 0 1
820 0 1
821 0 1
822 0 1
823 0 1
824 0 1
825 0 1
826 0 1
827 0 1
828 0 1
829 0 1
830 0 1
831 0 1
832 0 1
833 0 1
834 0 1
835 0 1
836 0 1
837 0 1
838 0 1
839 0 1
840 0 1
841 0 1
842 0 1
843 0 1
844 0 1
845 0 1
846 0 1
847 0 1
848 0 1
849 0 1
850 0 1
851 0 1
852 0 1
853 0 1
854 0 1
855 0 1
856 0 1
857 0 1
858 0 1
859 0 1
860 0 1
861 0 1
862 0 1
863 0 1
864 0 1
865 0 1
866 0 1
867 0 1
868 0 1
869 0 1
870 0 1
871 0 1
872 0 1
873 0 1
874 0 1
875 0 1
876 0 1
877 0 1
878 0 1
879 0 1
880 0 1
881 0 1
882 0 1
883 0 1
884 0 1
885 0 1
886 0 1
887 0 1
888 0 1
889 0 1
890 0 1
891 0 1
892 0 1
893 0 1
894 0 1
895 0 1
896 0 1
897 0 1
898 0 1
899 0 1
900 0 1
901 0 1
902 0 1
903 0 1
904 0 1
905 0 1
906 0 1
907 0 1
908 0 1
909 0 1
910 0 1
911 0 1
912 0 1
913 0 1
914 0 1
915 0 1
916 0 1
917 0 1
918 0 1
919 0 1
920 0 1
921 0 1
922 0 1
923 0 1
924 0 1
925 0 1
926 0 1
927 0 1
928 0 1
929 0 1
930 0 1
931 0 1
932 0 1
933 0 1
934 0 1
935 0 1
936 0 1
937 0 1
938 0 1
939 0 1
940 0 1
941 0 1
942 0 1
943 0 1
944 0 1
945 0 1
946 0 1
947 0 1
948 0 1
949 0 1
950 0 1
951 0 1
952 0 1
953 0 1
954 0 1
955 0 1
956 0 1
957 0 1
958 0 1
959 0 1
960 0 1
961 0 1
962 0 1
963 0 1
964 0 1
965 0 1
966 0 1
967 0 1
968 0 1
969 0 1
970 0 1
971 0 1
972 0 1
973 0 1
974 0 1
975 0 1
976 0 1
977 0 1
978 0 1
979 0 1
980 0 1
981 0 1
982 0 1
983 0 1
984 0 1
985 0 1
986 0 1
987 0 1
988 0 1
989 0 1
990 0 1
991 0 1
992 0 1
993 0 1
994 0 1
995 0 1
996 0 1
997 0 1
998 0 1
999 0 1
1000 0 1
1001 0 1
1002 0 1
1003 0 1
1004 0 1
1005 0 1
1006 0 1
1007 0 1
1008 0 1
1009 0 1
1010 0 1
1011 0 1
1012 0 1
1013 0 1
1014 0 1
1015 0 1
1016 0 1
1017 0 1
1018 0 1
1019 0 1
1020 0 1
1021 0 1
1022 0 1
1023 0 1
1024 0 1
1025 0 1
1026 0 1
1027 0 1
1028 0 1
1029 0 1
1030 0 1
1031 0 1
1032 0 1
1033 0 1
1034 0 1
1035 0 1
1036 0 1
1037 0 1
1038 0 1
1039 0 1
1040 0 1
1041 0 1
1042 0 1
1043 0 1
1044 0 1
1045 0 1
1046 0 1
1047 0 1
1048 0 1
1049 0 1
1050 0 1
1051 0 1
1052 0 1
1053 0 1
1054 0 1
1055 0 1
1056 0 1
1057 0 1
1058 0 1
1059 0 1
1060 0 1
1061 0 1
1062 0 1
1063 0 1
1064 0 1
1065 0 1
1066 0 1
1067 0 1
1068 0 1
1069 0 1
1070 0 1
1071 0 1
1072 0 1
1073 0 1
1074 0 1
1075 0 1
1076 0 1
1077 0 1
1078 0 1
1079 0 1
1080 0 1
1081 0 1
1082 0 1
1083 0 1
1084 0 1
1085 0 1
1086 0 1
1087 0 1
1088 0 1
1089 0 1
1090 0 1
1091 0 1
1092 0 1
1093 0 1
1094 0 1
1095 0 1
1096 0 1
1097 0 1
1098 0 1
1099 0 1
1100 0 1
1101 0 1
1102 0 1
1103 0 1
1104 0 1
1105 0 1
1106 0 1
1107 0 1
1108 0 1
1109 0 1
1110 0 1
1111 0 1
1112 0 1
1113 0 1
1114 0 1
1115 0 1
1116 0 1
1117 0 1
1118 0 1
1119 0 1
1120 0 1
1121 0 1
1122 0 1
1123 0 1
1124 0 1
1125 0 1
1126 0 1
1127 0 1
1128 0 1
1129 0 1
1130 0 1
1131 0 1
1132 0 1
1133 0 1
1134 0 1
1135 0 1
1136 0 1
1137 0 1
1138 0 1
1139 0 1
1140 0 1
1141 0 1
1142 0 1
1143 0 1
1144 0 1
1145 0 1
1146 0 1
1147 0 1
1148 0 1
1149 0 1
1150 0 1
1151 0 1
1152 0 1
1153 0 1
1154 0 1
1155 0 1
1156 0 1
1157 0 1
1158 0 1
1159 0 1
1160 0 1
1161 0 1
1162 0 1
1163 0 1
1164 0 1
1165 0 1
1166 0 1
1167 0 1
1168 0 1
1169 0 1
1170 0 1
1171 0 1
1172 0 1
1173 0 1
1174 0 1
1175 0 1
1176 0 1
1177 0 1
1178 0 1
1179 0 1
1180 0 1
1181 0 1
1182 0 1
1183 0 1
1184 0 1
1185 0 1
1186 0 1
1187 0 1
1188 0 1
1189 0 1
1190 0 1
1191 0 1
1192 0 1
1193 0 1
1194 0 1
1195 0 1
1196 0 1
1197 0 1
1198 0 1
1199 0 1
1200 0 1
1201 0 1
1202 0 1
1203 0 1
1204 0 1
1205 0 1
1206 0 1
1207 0 1
1208 0 1
1209 0 1
1210 0 1
1211 0 1
1212 0 1
1213 0 1
1214 0 1
1215 0 1
1216 0 1
1217 0 1
1218 0 1
1219 0 1
1220 0 1
1221 0 1
1222 0 1
1223 0 1
1224 0 1
1225 0 1
1226 0 1
1227 0 1
1228 0 1
1229 0 1
1230 0 1
1231 0 1
1232 0 1
1233 0 1
1234 0 1
1235 0 1
1236 0 1
1237 0 1
1238 0 1
1239 0 1
1240 0 1
1241 0 1
1242 0 1
1243 0 1
1244 0 1
1245 0 1
1246 0 1
1247 0 1
1248 0 1
1249 0 1
1250 0 1
1251 0 1
1252 0 1
1253 0 1
1254 0 1
1255 0 1
1256 0 1
1257 0 1
1258 0 1
1259 0 1
1260 0 1
1261 0 1
1262 0 1
1263 0 1
1264 0 1
1265 0 1
1266 0 1
1267 0 1
1268 0 1
1269 0 1
1270 0 1
1271 0 1
1272 0 1
1273 0 1
1274 0 1
1275 0 1
1276 0 1
1277 0 1
1278 0 1
1279 0 1
1280 0 1
1281 0 1
1282 0 1
1283 0 1
1284 0 1
1285 0 1
1286 0 1
1287 0 1
1288 0 1
1289 0 1
1290 0 1
1291 0 1
1292 0 1
1293 0 1
1294 0 1
1295 0 1
1296 0 1
1297 0 1
1298 0 1
1299 0 1
1300 0 1
1301 0 1
1302 0 1
1303 0 1
1304 0 1
1305 0 1
1306 0 1
1307 0 1
1308 0 1
1309 0 1
1310 0 1
1311 0 1
1312 0 1
1313 0 1
1314 0 1
1315 0 1
1316 0 1
1317 0 1
1318 0 1
1319 0 1
1320 0 1
1321 0 1
1322 0 1
1323 0 1
1324 0 1
1325 0 1
1326 0 1
1327 0 1
1328 0 1
1329 0 1
1330 0 1
1331 0 1
1332 0 1
1333 0 1
1334 0 1
1335 0 1
1336 0 1
1337 0 1
1338 0 1
1339 0 1
1340 0 1
1341 0 1
1342 0 1
1343 0 1
1344 0 1
1345 0 1
1346 0 1
1347 0 1
1348 0 1
1349 0 1
1350 0 1
1351 0 1
1352 0 1
1353 0 1
1354 0 1
1355 0 1
1356 0 1
1357 0 1
1358 0 1
1359 0 1
1360 0 1
1361 0 1
1362 0 1
1363 0 1
1364 0 1
1365 0 1
1366 0 1
1367 0 1
1368 0 1
1369 0 1
1370 0 1
1371 0 1
1372 0 1
1373 0 1
1374 0 1
1375 0 1
1376 0 1
1377 0 1
1378 0 1
1379 0 1
1380 0 1
1381 0 1
1382 0 1
1383 0 1
1384 0 1
1385 0 1
1386 0 1
1387 0 1
1388 0 1
1389 0 1
1390 0 1
1391 0 1
1392 0 1
1393 0 1
1394 0 1
1395 0 1
1396 0 1
1397 0 1
1398 0 1
1399 0 1
1400 0 1
1401 0 1
1402 0 1
1403 0 1
1404 0 1
1405 0 1
1406 0 1
1407 0 1
1408 0 1
1409 0 1
1410 0 1
1411 0 1
1412 0 1
1413 0 1
1414 0 1
1415 0 1
1416 0 1
1417 0 1
1418 0 1
1419 0 1
1420 0 1
1421 0 1
1422 0 1
1423 0 1
1424 0 1
1425 0 1
1426 0 1
1427 0 1
1428 0 1
1429 0 1
1430 0 1
1431 0 1
1432 0 1
1433 0 1
1434 0 1
1435 0 1
1436 0 1
1437 0 1
1438 0 1
1439 0 1
1440 0 1
1441 0 1
1442 0 1
1443 0 1
1444 0 1
1445 0 1
1446 0 1
1447 0 1
1448 0 1
1449 0 1
1450 0 1
1451 0 1
1452 0 1
1453 0 1
1454 0 1
1455 0 1
1456 0 1
1457 0 1
1458 0 1
1459 0 1
1460 0 1
1461 0 1
1462 0 1
1463 0 1
1464 0 1
1465 0 1
1466 0 1
1467 0 1
1468 0 1
1469 0 1
1470 0 1
1471 0 1
1472 0 1
1473 0 1
1474 0 1
1475 0 1
1476 0 1
1477 0 1
1478 0 1
1479 0 1
1480 0 1
1481 0 1
1482 0 1
1483 0 1
1484 0 1
1485 0 1
1486 0 1
1487 0 1
1488 0 1
1489 0 1
1490 0 1
1491 0 1
1492 0 1
1493 0 1
1494 0 1
1495 0 1
1496 0 1
1497 0 1
1498 0 1
1499 0 1
1500 0 1
1501 0 1
1502 0 1
1503 0 1
1504 0 1
1505 0 1
1506 0 1
1507 0 1
1508 0 1
1509 0 1
1510 0 1
1511 0 1
1512 0 1
1513 0 1
1514 0 1
1515 0 1
1516 0 1
1517 0 1
1518 0 1
1519 0 1
1520 0 1
1521 0 1
1522 0 1
1523 0 1
1524 0 1
1525 0 1
1526 0 1
1527 0 1
1528 0 1
1529 0 1
1530 0 1
1531 0 1
1532 0 1
1533 0 1
1534 0 1
1535 0 1
1536 0 1
1537 0 1
1538 0 1
1539 0 1
1540 0 1
1541 0 1
1542 0 1
1543 0 1
1544 0 1
1545 0 1
1546 0 1
1547 0 1
1548 0 1
1549 0 1
1550 0 1
1551 0 1
1552 0 1
1553 0 1
1554 0 1
1555 0 1
1556 0 1
1557 0 1
1558 0 1
1559 0 1
1560 0 1
1561 0 1
1562 0 1
1563 0 1
1564 0 1
1565 0 1
1566 0 1
1567 0 1
1568 0 1
1569 0 1
1570 0 1
1571 0 1
1572 0 1
1573 0 1
1574 0 1
1575 0 1
1576 0 1
1577 0 1
1578 0 1
1579 0 1
1580 0 1
1581 0 1
1582 0 1
1583 0 1
1584 0 1
1585 0 1
1586 0 1
1587 0 1
1588 0 1
1589 0 1
1590 0 1
1591 0 1
1592 0 1
1593 0 1
1594 0 1
1595 0 1
1596 0 1
1597 0 1
1598 0 1
1599 0 1
1600 0 1
1601 0 1
1602 0 1
1603 0 1
1604 0 1
1605 0 1
1606 0 1
1607 0 1
1608 0 1
1609 0 1
1610 0 1
1611 0 1
1612 0 1
1613 0 1
1614 0 1
1615 0 1
1616 0 1
1617 0 1
1618 0 1
1619 0 1
1620 0 1
1621 0 1
1622 0 1
1623 0 1
1624 0 1
1625 0 1
1626 0 1
1627 0 1
1628 0 1
1629 0 1
1630 0 1
1631 0 1
1632 0 1
1633 0 1
1634 0 1
1635 0 1
1636 0 1
1637 0 1
1638 0 1
1639 0 1
1640 0 1
1641 0 1
1642 0 1
1643 0 1
1644 0 1
1645 0 1
1646 0 1
1647 0 1
1648 0 1
1649 0 1
1650 0 1
1651 0 1
1652 0 1
1653 0 1
1654 0 1
1655 0 1
1656 0 1
1657 0 1
1658 0 1
1659 0 1
1660 0 1
1661 0 1
1662 0 1
1663 0 1
1664 0 1
1665 0 1
1666 0 1
1667 0 1
1668 0 1
1669 0 1
1670 0 1
1671 0 1
1672 0 1
1673 0 1
1674 0 1
1675 0 1
1676 0 1
1677 0 1
1678 0 1
1679 0 1
1680 0 1
1681 0 1
1682 0 1
1683 0 1
1684 0 1
1685 0 1
1686 0 1
1687 0 1
1688 0 1
1689 0 1
1690 0 1
1691 0 1
1692 0 1
1693 0 1
1694 0 1
1695 0 1
1696 0 1
1697 0 1
1698 0 1
1699 0 1
1700 0 1
1701 0 1
1702 0 1
1703 0 1
1704 0 1
1705 0 1
1706 0 1
1707 0 1
1708 0 1
1709 0 1
1710 0 1
1711 0 1
1712 0 1
1713 0 1
1714 0 1
1715 0 1
1716 0 1
1717 0 1
1718 0 1
1719 0 1
1720 0 1
1721 0 1
1722 0 1
1723 0 1
1724 0 1
1725 0 1
1726 0 1
1727 0 1
1728 0 1
1729 0 1
1730 0 1
1731 0 1
1732 0 1
1733 0 1
1734 0 1
1735 0 1
1736 0 1
1737 0 1
1738 0 1
1739 0 1
1740 0 1
1741 0 1
1742 0 1
1743 0 1
1744 0 1
1745 0 1
1746 0 1
1747 0 1
1748 0 1
1749 0 1
1750 0 1
1751 0 1
1752 0 1
1753 0 1
1754 0 1
1755 0 1
1756 0 1
1757 0 1
1758 0 1
1759 0 1
1760 0 1
1761 0 1
1762 0 1
1763 0 1
1764 0 1
1765 0 1
1766 0 1
1767 0 1
1768 0 1
1769 0 1
1770 0 1
1771 0 1
1772 0 1
1773 0 1
1774 0 1
1775 0 1
1776 0 1
1777 0 1
1778 0 1
1779 0 1
1780 0 1
1781 0 1
1782 0 1
1783 0 1
1784 0 1
1785 0 1
1786 0 1
1787 0 1
1788 0 1
1789 0 1
1790 0 1
1791 0 1
1792 0 1
1793 0 1
1794 0 1
1795 0 1
1796 0 1
1797 0 1
1798 0 1
1799 0 1
1800 0 1
1801 0 1
1802 0 1
1803 0 1
1804 0 1
1805 0 1
1806 0 1
1807 0 1
1808 0 1
1809 0 1
1810 0 1
1811 0 1
1812 0 1
1813 0 1
1814 0 1
1815 0 1
1816 0 1
1817 0 1
1818 0 1
1819 0 1
1820 0 1
1821 0 1
1822 0 1
1823 0 1
1824 0 1
1825 0 1
1826 0 1
1827 0 1
1828 0 1
1829 0 1
1830 0 1
1831 0 1
1832 0 1
1833 0 1
1834 0 1
1835 0 1
1836 0 1
1837 0 1
1838 0 1
1839 0 1
1840 0 1
1841 0 1
1842 0 1
1843 0 1
1844 0 1
1845 0 1
1846 0 1
1847 0 1
1848 0 1
1849 0 1
1850 0 1
1851 0 1
1852 0 1
1853 0 1
1854 0 1
1855 0 1
1856 0 1
1857 0 1
1858 0 1
1859 0 1
1860 0 1
1861 0 1
1862 0 1
1863 0 1
1864 0 1
1865 0 1
1866 0 1
1867 0 1
1868 0 1
1869 0 1
1870 0 1
1871 0 1
1872 0 1
1873 0 1
1874 0 1
1875 0 1
1876 0 1
1877 0 1
1878 0 1
1879 0 1
1880 0 1
1881 0 1
1882 0 1
1883 0 1
1884 0 1
1885 0 1
1886 0 1
1887 0 1
1888 0 1
1889 0 1
1890 0 1
1891 0 1
1892 0 1
1893 0 1
1894 0 1
1895 0 1
1896 0 1
1897 0 1
1898 0 1
1899 0 1
1900 0 1
1901 0 1
1902 0 1
1903 0 1
1904 0 1
1905 0 1
1906 0 1
1907 0 1
1908 0 1
1909 0 1
1910 0 1
1911 0 1
1912 0 1
1913 0 1
1914 0 1
1915 0 1
1916 0 1
1917 0 1
1918 0 1
1919 0 1
1920 0 1
1921 0 1
1922 0 1
1923 0 1
1924 0 1
1925 0 1
1926 0 1
1927 0 1
1928 0 1
1929 0 1
1930 0 1
1931 0 1
1932 0 1
1933 0 1
1934 0 1
1935 0 1
1936 0 1
1937 0 1
1938 0 1
1939 0 1
1940 0 1
1941 0 1
1942 0 1
1943 0 1
1944 0 1
1945 0 1
1946 0 1
1947 0 1
1948 0 1
1949 0 1
1950 0 1
1951 0 1
1952 0 1
1953 0 1
1954 0 1
1955 0 1
1956 0 1
1957 0 1
1958 0 1
1959 0 1
1960 0 1
1961 0 1
1962 0 1
1963 0 1
1964 0 1
1965 0 1
1966 0 1
1967 0 1
1968 0 1
1969 0 1
1970 0 1
1971 0 1
1972 0 1
1973 0 1
1974 0 1
1975 0 1
1976 0 1
1977 0 1
1978 0 1
1979 0 1
1980 0 1
1981 0 1
1982 0 1
1983 0 1
1984 0 1
1985 0 1
1986 0 1
1987 0 1
1988 0 1
1989 0 1
1990 0 1
1991 0 1
1992 0 1
1993 0 1
1994 0 1
1995 0 1
1996 0 1
1997 0 1
1998 0 1
1999 0 1
2000 0 1
2001 0 1
2002 0 1
2003 0 1
2004 0 1
2005 0 1
2006 0 1
2007 0 1
2008 0 1
2009 0 1
2010 0 1
2011 0 1
2012 0 1
2013 0 1
2014 0 1
2015 0 1
2016 0 1
2017 0 1
2018 0 1
2019 0 1
2020 0 1
2021 0 1
2022 0 1
2023 0 1
2024 0 1
2025 0 1
2026 0 1
2027 0 1
2028 0 1
2029 0 1
2030 0 1
2031 0 1
2032 0 1
2033 0 1
2034 0 1
2035 0 1
2036 0 1
2037 0 1
2038 0 1
2039 0 1
2040 0 1
2041 0 1
2042 0 1
2043 0 1
2044 0 1
2045 0 1
2046 0 1
2047 0 1
0 127 1
1 127 1
2 127 1
3 127 1
4 127 1
5 127 1
6 127 1
7 127 1
8 127 1
9 127 1
10 127 1
11 127 1
12 127 1
13 127 1
14 127 1
15 127 1
16 127 1
17 127 1
18 127 1
19 127 1
20 127 1
21 127 1
22 127 1
23 127 1
24 127 1
25 127 1
26 127 1
27 127 1
28 127 1
29 127 1
30 127 1
31 127 1
32 127 1
33 127 1
34 127 1
35 127 1
36 127 1
37 127 1
38 127 1
39 127 1
40 127 1
41 127 1
42 127 1
43 127 1
44 127 1
45 127 1
46 127 1
47 127 1
48 127 1
49 127 1
50 127 1
51 127 1
52 127 1
53 127 1
54 127 1
55 127 1
56 127 1
57 127 1
58 127 1
59 127 1
60 127 1
61 127 1
62 127 1
63 127 1
64 127 1
65 127 1
66 127 1
67 127 1
68 127 1
69 127 1
70 127 1
71 127 1
72 127 1
73 127 1
74 127 1
75 127 1
76 127 1
77 127 1
78 127 1
79 127 1
80 127 1
81 127 1
82 127 1
83 127 1
84 127 1
85 127 1
86 127 1
87 127 1
88 127 1
89 127 1
90 127 1
91 127 1
92 127 1
93 127 1
94 127 1
95 127 1
96 127 1
97 127 1
98 127 1
99 127 1
100 127 1
101 127 1
102 127 1
103 127 1
104 127 1
105 127 1
106 127 1
107 127 1
108 127 1
109 127 1
110 127 1
111 127 1
112 127 1
113 127 1
114 127 1
115 127 1
116 127 1
117 127 1
118 127 1
119 127 1
120 127 1
121 127 1
122 127 1
123 127 1
124 127 1
125 127 1
126 127 1
127 127 1
128 127 1
129 127 1
130 127 1
131 127 1
132 127 1
133 127 1
134 127 1
135 127 1
136 127 1
137 127 1
138 127 1
139 127 1
140 127 1
141 127 1
142 127 1
143 127 1
144 127 1
145 127 1
146 127 1
147 127 1
148 127 1
149 127 1
150 127 1
151 127 1
152 127 1
153 127 1
154 127 1
155 127 1
156 127 1
157 127 1
158 127 1
159 127 1
160 127 1
161 127 1
162 127 1
163 127 1
164 127 1
165 127 1
166 127 1
167 127 1
168 127 1
169 127 1
170 127 1
171 127 1
172 127 1
173 127 1
174 127 1
175 127 1
176 127 1
177 127 1
178 127 1
179 127 1
180 127 1
181 127 1
182 127 1
183 127 1
184 127 1
185 127 1
186 127 1
187 127 1
188 127 1
189 127 1
190 127 1
191 127 1
192 127 1
193 127 1
194 127 1
195 127 1
196 127 1
197 127 1
198 127 1
199 127 1
200 127 1
201 127 1
202 127 1
203 127 1
204 127 1
205 127 1
206 127 1
207 127 1
208 127 1
209 127 1
210 127 1
211 127 1
212 127 1
213 127 1
214 127 1
215 127 1
216 127 1
217 127 1
218 127 1
219 127 1
220 127 1
221 127 1
222 127 1
223 127 1
224 127 1
225 127 1
226 127 1
227 127 1
228 127 1
229 127 1
230 127 1
231 127 1
232 127 1
233 127 1
234 127 1
235 127 1
236 127 1
237 127 1
238 127 1
239 127 1
240 127 1
241 127 1
242 127 1
243 127 1
244 127 1
245 127 1
246 127 1
247 127 1
248 127 1
249 127 1
250 127 1
251 127 1
252 127 1
253 127 1
254 127 1
255 127 1
256 127 1
257 127 1
258 127 1
259 127 1
260 127 1
261 127 1
262 127 1
263 127 1
264 127 1
265 127 1
266 127 1
267 127 1
268 127 1
269 127 1
270 127 1
271 127 1
272 127 1
273 127 1
274 127 1
275 127 1
276 127 1
277 127 1
278 127 1
279 127 1
280 127 1
281 127 1
282 127 1
283 127 1
284 127 1
285 127 1
286 127 1
287 127 1
288 127 1
289 127 1
290 127 1
291 127 1
292 127 1
293 127 1
294 127 1
295 127 1
296 127 1
297 127 1
298 127 1
299 127 1
300 127 1
301 127 1
302 127 1
303 127 1
304 127 1
305 127 1
306 127 1
307 127 1
308 127 1
309 127 1
310 127 1
311 127 1
312 127 1
313 127 1
314 127 1
315 127 1
316 127 1
317 127 1
318 127 1
319 127 1
320 127 1
321 127 1
322 127 1
323 127 1
324 127 1
325 127 1
326 127 1
327 127 1
328 127 1
329 127 1
330 127 1
331 127 1
332 127 1
333 127 1
334 127 1
335 127 1
336 127 1
337 127 1
338 127 1
339 127 1
340 127 1
341 127 1
342 127 1
343 127 1
344 127 1
345 127 1
346 127 1
347 127 1
348 127 1
349 127 1
350 127 1
351 127 1
352 127 1
353 127 1
354 127 1
355 127 1
356 127 1
357 127 1
358 127 1
359 127 1
360 127 1
361 127 1
362 127 1
363 127 1
364 127 1
365 127 1
366 127 1
367 127 1
368 127 1
369 127 1
370 127 1
371 127 1
372 127 1
373 127 1
374 127 1
375 127 1
376 127 1
377 127 1
378 127 1
379 127 1
380 127 1
381 127 1
382 127 1
383 127 1
384 127 1
385 127 1
386 127 1
387 127 1
388 127 1
389 127 1
390 127 1
391 127 1
392 127 1
393 127 1
394 127 1
395 127 1
396 127 1
397 127 1
398 127 1
399 127 1
400 127 1
401 127 1
402 127 1
403 127 1
404 127 1
405 127 1
406 127 1
407 127 1
408 127 1
409 127 1
410 127 1
411 127 1
412 127 1
413 127 1
414 127 1
415 127 1
416 127 1
417 127 1
418 127 1
419 127 1
420 127 1
421 127 1
422 127 1
423 127 1
424 127 1
425 127 1
426 127 1
427 127 1
428 127 1
429 127 1
430 127 1
431 127 1
432 127 1
433 127 1
434 127 1
435 127 1
436 127 1
437 127 1
438 127 1
439 127 1
440 127 1
441 127 1
442 127 1
443 127 1
444 127 1
445 127 1
446 127 1
447 127 1
448 127 1
449 127 1
450 127 1
451 127 1
452 127 1
453 127 1
454 127 1
455 127 1
456 127 1
457 127 1
458 127 1
459 127 1
460 127 1
461 127 1
462 127 1
463 127 1
464 127 1
465 127 1
466 127 1
467 127 1
468 127 1
469 127 1
470 127 1
471 127 1
472 127 1
473 127 1
474 127 1
475 127 1
476 127 1
477 127 1
478 127 1
479 127 1
480 127 1
481 127 1
482 127 1
483 127 1
484 127 1
485 127 1
486 127 1
487 127 1
488 127 1
489 127 1
490 127 1
491 127 1
492 127 1
493 127 1
494 127 1
495 127 1
496 127 1
497 127 1
498 127 1
499 127 1
500 127 1
501 127 1
502 127 1
503 127 1
504 127 1
505 127 1
506 127 1
507 127 1
508 127 1
509 127 1
510 127 1
511 127 1
512 127 1
513 127 1
514 127 1
515 127 1
516 127 1
517 127 1
518 127 1
519 127 1
520 127 1
521 127 1
522 127 1
523 127 1
524 127 1
525 127 1
526 127 1
527 127 1
528 127 1
529 127 1
530 127 1
531 127 1
532 127 1
533 127 1
534 127 1
535 127 1
536 127 1
537 127 1
538 127 1
539 127 1
540 127 1
541 127 1
542 127 1
543 127 1
544 127 1
545 127 1
546 127 1
547 127 1
548 127 1
549 127 1
550 127 1
551 127 1
552 127 1
553 127 1
554 127 1
555 127 1
556 127 1
557 127 1
558 127 1
559 127 1
560 127 1
561 127 1
562 127 1
563 127 1
564 127 1
565 127 1
566 127 1
567 127 1
568 127 1
569 127 1
570 127 1
571 127 1
572 127 1
573 127 1
574 127 1
575 127 1
576 127 1
577 127 1
578 127 1
579 127 1
580 127 1
581 127 1
582 127 1
583 127 1
584 127 1
585 127 1
586 127 1
587 127 1
588 127 1
589 127 1
590 127 1
591 127 1
592 127 1
593 127 1
594 127 1
595 127 1
596 127 1
597 127 1
598 127 1
599 127 1
600 127 1
601 127 1
602 127 1
603 127 1
604 127 1
605 127 1
606 127 1
607 127 1
608 127 1
609 127 1
610 127 1
611 127 1
612 127 1
613 127 1
614 127 1
615 127 1
616 127 1
617 127 1
618 127 1
619 127 1
620 127 1
621 127 1
622 127 1
623 127 1
624 127 1
625 127 1
626 127 1
627 127 1
628 127 1
629 127 1
630 127 1
631 127 1
632 127 1
633 127 1
634 127 1
635 127 1
636 127 1
637 127 1
638 127 1
639 127 1
640 127 1
641 127 1
642 127 1
643 127 1
644 127 1
645 127 1
646 127 1
647 127 1
648 127 1
649 127 1
650 127 1
651 127 1
652 127 1
653 127 1
654 127 1
655 127 1
656 127 1
657 127 1
658 127 1
659 127 1
660 127 1
661 127 1
662 127 1
663 127 1
664 127 1
665 127 1
666 127 1
667 127 1
668 127 1
669 127 1
670 127 1
671 127 1
672 127 1
673 127 1
674 127 1
675 127 1
676 127 1
677 127 1
678 127 1
679 127 1
680 127 1
681 127 1
682 127 1
683 127 1
684 127 1
685 127 1
686 127 1
687 127 1
688 127 1
689 127 1
690 127 1
691 127 1
692 127 1
693 127 1
694 127 1
695 127 1
696 127 1
697 127 1
698 127 1
699 127 1
700 127 1
701 127 1
702 127 1
703 127 1
704 127 1
705 127 1
706 127 1
707 127 1
708 127 1
709 127 1
710 127 1
711 127 1
712 127 1
713 127 1
714 127 1
715 127 1
716 127 1
717 127 1
718 127 1
719 127 1
720 127 1
721 127 1
722 127 1
723 127 1
724 127 1
725 127 1
726 127 1
727 127 1
728 127 1
729 127 1
730 127 1
731 127 1
732 127 1
733 127 1
734 127 1
735 127 1
736 127 1
737 127 1
738 127 1
739 127 1
740 127 1
741 127 1
742 127 1
743 127 1
744 127 1
745 127 1
746 127 1
747 127 1
748 127 1
749 127 1
750 127 1
751 127 1
752 127 1
753 127 1
754 127 1
755 127 1
756 127 1
757 127 1
758 127 1
759 127 1
760 127 1
761 127 1
762 127 1
763 127 1
764 127 1
765 127 1
766 127 1
767 127 1
768 127 1
769 127 1
770 127 1
771 127 1
772 127 1
773 127 1
774 127 1
775 127 1
776 127 1
777 127 1
778 127 1
779 127 1
780 127 1
781 127 1
782 127 1
783 127 1
784 127 1
785 127 1
786 127 1
787 127 1
788 127 1
789 127 1
790 127 1
791 127 1
792 127 1
793 127 1
794 127 1
795 127 1
796 127 1
797 127 1
798 127 1
799 127 1
800 127 1
801 127 1
802 127 1
803 127 1
804 127 1
805 127 1
806 127 1
807 127 1
808 127 1
809 127 1
810 127 1
811 127 1
812 127 1
813 127 1
814 127 1
815 127 1
816 127 1
817 127 1
818 127 1
819 127 1
820 127 1
821 127 1
822 127 1
823 127 1
824 127 1
825 127 1
826 127 1
827 127 1
828 127 1
829 127 1
830 127 1
831 127 1
832 127 1
833 127 1
834 127 1
835 127 1
836 127 1
837 127 1
838 127 1
839 127 1
840 127 1
841 127 1
842 127 1
843 127 1
844 127 1
845 127 1
846 127 1
847 127 1
848 127 1
849 127 1
850 127 1
851 127 1
852 127 1
853 127 1
854 127 1
855 127 1
856 127 1
857 127 1
858 127 1
859 127 1
860 127 1
861 127 1
862 127 1
863 127 1
864 127 1
865 127 1
866 127 1
867 127 1
868 127 1
869 127 1
870 127 1
871 127 1
872 127 1
873 127 1
874 127 1
875 127 1
876 127 1
877 127 1
878 127 1
879 127 1
880 127 1
881 127 1
882 127 1
883 127 1
884 127 1
885 127 1
886 127 1
887 127 1
888 127 1
889 127 1
890 127 1
891 127 1
892 127 1
893 127 1
894 127 1
895 127 1
896 127 1
897 127 1
898 127 1
899 127 1
900 127 1
901 127 1
902 127 1
903 127 1
904 127 1
905 127 1
906 127 1
907 127 1
908 127 1
909 127 1
910 127 1
911 127 1
912 127 1
913 127 1
914 127 1
915 127 1
916 127 1
917 127 1
918 127 1
919 127 1
920 127 1
921 127 1
922 127 1
923 127 1
924 127 1
925 127 1
926 127 1
927 127 1
928 127 1
929 127 1
930 127 1
931 127 1
932 127 1
933 127 1
934 127 1
935 127 1
936 127 1
937 127 1
938 127 1
939 127 1
940 127 1
941 127 1
942 127 1
943 127 1
944 127 1
945 127 1
946 127 1
947 127 1
948 127 1
949 127 1
950 127 1
951 127 1
952 127 1
953 127 1
954 127 1
955 127 1
956 127 1
957 127 1
958 127 1
959 127 1
960 127 1
961 127 1
962 127 1
963 127 1
964 127 1
965 127 1
966 127 1
967 127 1
968 127 1
969 127 1
970 127 1
971 127 1
972 127 1
973 127 1
974 127 1
975 127 1
976 127 1
977 127 1
978 127 1
979 127 1
980 127 1
981 127 1
982 127 1
983 127 1
984 127 1
985 127 1
986 127 1
987 127 1
988 127 1
989 127 1
990 127 1
991 127 1
992 127 1
993 127 1
994 127 1
995 127 1
996 127 1
997 127 1
998 127 1
999 127 1
1000 127 1
1001 127 1
1002 127 1
1003 127 1
1004 127 1
1005 127 1
1006 127 1
1007 127 1
1008 127 1
1009 127 1
1010 127 1
1011 127 1
1012 127 1
1013 127 1
1014 127 1
1015 127 1
1016 127 1
1017 127 1
1018 127 1
1019 127 1
1020 127 1
1021 127 1
1022 127 1
1023 127 1
1024 127 1
1025 127 1
1026 127 1
1027 127 1
1028 127 1
1029 127 1
1030 127 1
1031 127 1
1032 127 1
1033 127 1
1034 127 1
1035 127 1
1036 127 1
1037 127 1
1038 127 1
1039 127 1
1040 127 1
1041 127 1
1042 127 1
1043 127 1
1044 127 1
1045 127 1
1046 127 1
1047 127 1
1048 127 1
1049 127 1
1050 127 1
1051 127 1
1052 127 1
1053 127 1
1054 127 1
1055 127 1
1056 127 1
1057 127 1
1058 127 1
1059 127 1
1060 127 1
1061 127 1
1062 127 1
1063 127 1
1064 127 1
1065 127 1
1066 127 1
1067 127 1
1068 127 1
1069 127 1
1070 127 1
1071 127 1
1072 127 1
1073 127 1
1074 127 1
1075 127 1
1076 127 1
1077 127 1
1078 127 1
1079 127 1
1080 127 1
1081 127 1
1082 127 1
1083 127 1
1084 127 1
1085 127 1
1086 127 1
1087 127 1
1088 127 1
1089 127 1
1090 127 1
1091 127 1
1092 127 1
1093 127 1
1094 127 1
1095 127 1
1096 127 1
1097 127 1
1098 127 1
1099 127 1
1100 127 1
1101 127 1
1102 127 1
1103 127 1
1104 127 1
1105 127 1
1106 127 1
1107 127 1
1108 127 1
1109 127 1
1110 127 1
1111 127 1
1112 127 1
1113 127 1
1114 127 1
1115 127 1
1116 127 1
1117 127 1
1118 127 1
1119 127 1
1120 127 1
1121 127 1
1122 127 1
1123 127 1
1124 127 1
1125 127 1
1126 127 1
1127 127 1
1128 127 1
1129 127 1
1130 127 1
1131 127 1
1132 127 1
1133 127 1
1134 127 1
1135 127 1
1136 127 1
1137 127 1
1138 127 1
1139 127 1
1140 127 1
1141 127 1
1142 127 1
1143 127 1
1144 127 1
1145 127 1
1146 127 1
1147 127 1
1148 127 1
1149 127 1
1150 127 1
1151 127 1
1152 127 1
1153 127 1
1154 127 1
1155 127 1
1156 127 1
1157 127 1
1158 127 1
1159 127 1
1160 127 1
1161 127 1
1162 127 1
1163 127 1
1164 127 1
1165 127 1
1166 127 1
1167 127 1
1168 127 1
1169 127 1
1170 127 1
1171 127 1
1172 127 1
1173 127 1
1174 127 1
1175 127 1
1176 127 1
1177 127 1
1178 127 1
1179 127 1
1180 127 1
1181 127 1
1182 127 1
1183 127 1
1184 127 1
1185 127 1
1186 127 1
1187 127 1
1188 127 1
1189 127 1
1190 127 1
1191 127 1
1192 127 1
1193 127 1
1194 127 1
1195 127 1
1196 127 1
1197 127 1
1198 127 1
1199 127 1
1200 127 1
1201 127 1
1202 127 1
1203 127 1
1204 127 1
1205 127 1
1206 127 1
1207 127 1
1208 127 1
1209 127 1
1210 127 1
1211 127 1
1212 127 1
1213 127 1
1214 127 1
1215 127 1
1216 127 1
1217 127 1
1218 127 1
1219 127 1
1220 127 1
1221 127 1
1222 127 1
1223 127 1
1224 127 1
1225 127 1
1226 127 1
1227 127 1
1228 127 1
1229 127 1
1230 127 1
1231 127 1
1232 127 1
1233 127 1
1234 127 1
1235 127 1
1236 127 1
1237 127 1
1238 127 1
1239 127 1
1240 127 1
1241 127 1
1242 127 1
1243 127 1
1244 127 1
1245 127 1
1246 127 1
1247 127 1
1248 127 1
1249 127 1
1250 127 1
1251 127 1
1252 127 1
1253 127 1
1254 127 1
1255 127 1
1256 127 1
1257 127 1
1258 127 1
1259 127 1
1260 127 1
1261 127 1
1262 127 1
1263 127 1
1264 127 1
1265 127 1
1266 127 1
1267 127 1
1268 127 1
1269 127 1
1270 127 1
1271 127 1
1272 127 1
1273 127 1
1274 127 1
1275 127 1
1276 127 1
1277 127 1
1278 127 1
1279 127 1
1280 127 1
1281 127 1
1282 127 1
1283 127 1
1284 127 1
1285 127 1
1286 127 1
1287 127 1
1288 127 1
1289 127 1
1290 127 1
1291 127 1
1292 127 1
1293 127 1
1294 127 1
1295 127 1
1296 127 1
1297 127 1
1298 127 1
1299 127 1
1300 127 1
1301 127 1
1302 127 1
1303 127 1
1304 127 1
1305 127 1
1306 127 1
1307 127 1
1308 127 1
1309 127 1
1310 127 1
1311 127 1
1312 127 1
1313 127 1
1314 127 1
1315 127 1
1316 127 1
1317 127 1
1318 127 1
1319 127 1
1320 127 1
1321 127 1
1322 127 1
1323 127 1
1324 127 1
1325 127 1
1326 127 1
1327 127 1
1328 127 1
1329 127 1
1330 127 1
1331 127 1
1332 127 1
1333 127 1
1334 127 1
1335 127 1
1336 127 1
1337 127 1
1338 127 1
1339 127 1
1340 127 1
1341 127 1
1342 127 1
1343 127 1
1344 127 1
1345 127 1
1346 127 1
1347 127 1
1348 127 1
1349 127 1
1350 127 1
1351 127 1
1352 127 1
1353 127 1
1354 127 1
1355 127 1
1356 127 1
1357 127 1
1358 127 1
1359 127 1
1360 127 1
1361 127 1
1362 127 1
1363 127 1
1364 127 1
1365 127 1
1366 127 1
1367 127 1
1368 127 1
1369 127 1
1370 127 1
1371 127 1
1372 127 1
1373 127 1
1374 127 1
1375 127 1
1376 127 1
1377 127 1
1378 127 1
1379 127 1
1380 127 1
1381 127 1
1382 127 1
1383 127 1
1384 127 1
1385 127 1
1386 127 1
1387 127 1
1388 127 1
1389 127 1
1390 127 1
1391 127 1
1392 127 1
1393 127 1
1394 127 1
1395 127 1
1396 127 1
1397 127 1
1398 127 1
1399 127 1
1400 127 1
1401 127 1
1402 127 1
1403 127 1
1404 127 1
1405 127 1
1406 127 1
1407 127 1
1408 127 1
1409 127 1
1410 127 1
1411 127 1
1412 127 1
1413 127 1
1414 127 1
1415 127 1
1416 127 1
1417 127 1
1418 127 1
1419 127 1
1420 127 1
1421 127 1
1422 127 1
1423 127 1
1424 127 1
1425 127 1
1426 127 1
1427 127 1
1428 127 1
1429 127 1
1430 127 1
1431 127 1
1432 127 1
1433 127 1
1434 127 1
1435 127 1
1436 127 1
1437 127 1
1438 127 1
1439 127 1
1440 127 1
1441 127 1
1442 127 1
1443 127 1
1444 127 1
1445 127 1
1446 127 1
1447 127 1
1448 127 1
1449 127 1
1450 127 1
1451 127 1
1452 127 1
1453 127 1
1454 127 1
1455 127 1
1456 127 1
1457 127 1
1458 127 1
1459 127 1
1460 127 1
1461 127 1
1462 127 1
1463 127 1
1464 127 1
1465 127 1
1466 127 1
1467 127 1
1468 127 1
1469 127 1
1470 127 1
1471 127 1
1472 127 1
1473 127 1
1474 127 1
1475 127 1
1476 127 1
1477 127 1
1478 127 1
1479 127 1
1480 127 1
1481 127 1
1482 127 1
1483 127 1
1484 127 1
1485 127 1
1486 127 1
1487 127 1
1488 127 1
1489 127 1
1490 127 1
1491 127 1
1492 127 1
1493 127 1
1494 127 1
1495 127 1
1496 127 1
1497 127 1
1498 127 1
1499 127 1
1500 127 1
1501 127 1
1502 127 1
1503 127 1
1504 127 1
1505 127 1
1506 127 1
1507 127 1
1508 127 1
1509 127 1
1510 127 1
1511 127 1
1512 127 1
1513 127 1
1514 127 1
1515 127 1
1516 127 1
1517 127 1
1518 127 1
1519 127 1
1520 127 1
1521 127 1
1522 127 1
1523 127 1
1524 127 1
1525 127 1
1526 127 1
1527 127 1
1528 127 1
1529 127 1
1530 127 1
1531 127 1
1532 127 1
1533 127 1
1534 127 1
1535 127 1
1536 127 1
1537 127 1
1538 127 1
1539 127 1
1540 127 1
1541 127 1
1542 127 1
1543 127 1
1544 127 1
1545 127 1
1546 127 1
1547 127 1
1548 127 1
1549 127 1
1550 127 1
1551 127 1
1552 127 1
1553 127 1
1554 127 1
1555 127 1
1556 127 1
1557 127 1
1558 127 1
1559 127 1
1560 127 1
1561 127 1
1562 127 1
1563 127 1
1564 127 1
1565 127 1
1566 127 1
1567 127 1
1568 127 1
1569 127 1
1570 127 1
1571 127 1
1572 127 1
1573 127 1
1574 127 1
1575 127 1
1576 127 1
1577 127 1
1578 127 1
1579 127 1
1580 127 1
1581 127 1
1582 127 1
1583 127 1
1584 127 1
1585 127 1
1586 127 1
1587 127 1
1588 127 1
1589 127 1
1590 127 1
1591 127 1
1592 127 1
1593 127 1
1594 127 1
1595 127 1
1596 127 1
1597 127 1
1598 127 1
1599 127 1
1600 127 1
1601 127 1
1602 127 1
1603 127 1
1604 127 1
1605 127 1
1606 127 1
1607 127 1
1608 127 1
1609 127 1
1610 127 1
1611 127 1
1612 127 1
1613 127 1
1614 127 1
1615 127 1
1616 127 1
1617 127 1
1618 127 1
1619 127 1
1620 127 1
1621 127 1
1622 127 1
1623 127 1
1624 127 1
1625 127 1
1626 127 1
1627 127 1
1628 127 1
1629 127 1
1630 127 1
1631 127 1
1632 127 1
1633 127 1
1634 127 1
1635 127 1
1636 127 1
1637 127 1
1638 127 1
1639 127 1
1640 127 1
1641 127 1
1642 127 1
1643 127 1
1644 127 1
1645 127 1
1646 127 1
1647 127 1
1648 127 1
1649 127 1
1650 127 1
1651 127 1
1652 127 1
1653 127 1
1654 127 1
1655 127 1
1656 127 1
1657 127 1
1658 127 1
1659 127 1
1660 127 1
1661 127 1
1662 127 1
1663 127 1
1664 127 1
1665 127 1
1666 127 1
1667 127 1
1668 127 1
1669 127 1
1670 127 1
1671 127 1
1672 127 1
1673 127 1
1674 127 1
1675 127 1
1676 127 1
1677 127 1
1678 127 1
1679 127 1
1680 127 1
1681 127 1
1682 127 1
1683 127 1
1684 127 1
1685 127 1
1686 127 1
1687 127 1
1688 127 1
1689 127 1
1690 127 1
1691 127 1
1692 127 1
1693 127 1
1694 127 1
1695 127 1
1696 127 1
1697 127 1
1698 127 1
1699 127 1
1700 127 1
1701 127 1
1702 127 1
1703 127 1
1704 127 1
1705 127 1
1706 127 1
1707 127 1
1708 127 1
1709 127 1
1710 127 1
1711 127 1
1712 127 1
1713 127 1
1714 127 1
1715 127 1
1716 127 1
1717 127 1
1718 127 1
1719 127 1
1720 127 1
1721 127 1
1722 127 1
1723 127 1
1724 127 1
1725 127 1
1726 127 1
1727 127 1
1728 127 1
1729 127 1
1730 127 1
1731 127 1
1732 127 1
1733 127 1
1734 127 1
1735 127 1
1736 127 1
1737 127 1
1738 127 1
1739 127 1
1740 127 1
1741 127 1
1742 127 1
1743 127 1
1744 127 1
1745 127 1
1746 127 1
1747 127 1
1748 127 1
1749 127 1
1750 127 1
1751 127 1
1752 127 1
1753 127 1
1754 127 1
1755 127 1
1756 127 1
1757 127 1
1758 127 1
1759 127 1
1760 127 1
1761 127 1
1762 127 1
1763 127 1
1764 127 1
1765 127 1
1766 127 1
1767 127 1
1768 127 1
1769 127 1
1770 127 1
1771 127 1
1772 127 1
1773 127 1
1774 127 1
1775 127 1
1776 127 1
1777 127 1
1778 127 1
1779 127 1
1780 127 1
1781 127 1
1782 127 1
1783 127 1
1784 127 1
1785 127 1
1786 127 1
1787 127 1
1788 127 1
1789 127 1
1790 127 1
1791 127 1
1792 127 1
1793 127 1
1794 127 1
1795 127 1
1796 127 1
1797 127 1
1798 127 1
1799 127 1
1800 127 1
1801 127 1
1802 127 1
1803 127 1
1804 127 1
1805 127 1
1806 127 1
1807 127 1
1808 127 1
1809 127 1
1810 127 1
1811 127 1
1812 127 1
1813 127 1
1814 127 1
1815 127 1
1816 127 1
1817 127 1
1818 127 1
1819 127 1
1820 127 1
1821 127 1
1822 127 1
1823 127 1
1824 127 1
1825 127 1
1826 127 1
1827 127 1
1828 127 1
1829 127 1
1830 127 1
1831 127 1
1832 127 1
1833 127 1
1834 127 1
1835 127 1
1836 127 1
1837 127 1
1838 127 1
1839 127 1
1840 127 1
1841 127 1
1842 127 1
1843 127 1
1844 127 1
1845 127 1
1846 127 1
1847 127 1
1848 127 1
1849 127 1
1850 127 1
1851 127 1
1852 127 1
1853 127 1
1854 127 1
1855 127 1
1856 127 1
1857 127 1
1858 127 1
1859 127 1
1860 127 1
1861 127 1
1862 127 1
1863 127 1
1864 127 1
1865 127 1
1866 127 1
1867 127 1
1868 127 1
1869 127 1
1870 127 1
1871 127 1
1872 127 1
1873 127 1
1874 127 1
1875 127 1
1876 127 1
1877 127 1
1878 127 1
1879 127 1
1880 127 1
1881 127 1
1882 127 1
1883 127 1
1884 127 1
1885 127 1
1886 127 1
1887 127 1
1888 127 1
1889 127 1
1890 127 1
1891 127 1
1892 127 1
1893 127 1
1894 127 1
1895 127 1
1896 127 1
1897 127 1
1898 127 1
1899 127 1
1900 127 1
1901 127 1
1902 127 1
1903 127 1
1904 127 1
1905 127 1
1906 127 1
1907 127 1
1908 127 1
1909 127 1
1910 127 1
1911 127 1
1912 127 1
1913 127 1
1914 127 1
1915 127 1
1916 127 1
1917 127 1
1918 127 1
1919 127 1
1920 127 1
1921 127 1
1922 127 1
1923 127 1
1924 127 1
1925 127 1
1926 127 1
1927 127 1
1928 127 1
1929 127 1
1930 127 1
1931 127 1
1932 127 1
1933 127 1
1934 127 1
1935 127 1
1936 127 1
1937 127 1
1938 127 1
1939 127 1
1940 127 1
1941 127 1
1942 127 1
1943 127 1
1944 127 1
1945 127 1
1946 127 1
1947 127 1
1948 127 1
1949 127 1
1950 127 1
1951 127 1
1952 127 1
1953 127 1
1954 127 1
1955 127 1
1956 127 1
1957 127 1
1958 127 1
1959 127 1
1960 127 1
1961 127 1
1962 127 1
1963 127 1
1964 127 1
1965 127 1
1966 127 1
1967 127 1
1968 127 1
1969 127 1
1970 127 1
1971 127 1
1972 127 1
1973 127 1
1974 127 1
1975 127 1
1976 127 1
1977 127 1
1978 127 1
1979 127 1
1980 127 1
1981 127 1
1982 127 1
1983 127 1
1984 127 1
1985 127 1
1986 127 1
1987 127 1
1988 127 1
1989 127 1
1990 127 1
1991 127 1
1992 127 1
1993 127 1
1994 127 1
1995 127 1
1996 127 1
1997 127 1
1998 127 1
1999 127 1
2000 127 1
2001 127 1
2002 127 1
2003 127 1
2004 127 1
2005 127 1
2006 127 1
2007 127 1
2008 127 1
2009 127 1
2010 127 1
2011 127 1
2012 127 1
2013 127 1
2014 127 1
2015 127 1
2016 127 1
2017 127 1
2018 127 1
2019 127 1
2020 127 1
2021 127 1
2022 127 1
2023 127 1
2024 127 1
2025 127 1
2026 127 1
2027 127 1
2028 127 1
2029 127 1
2030 127 1
2031 127 1
2032 127 1
2033 127 1
2034 127 1
2035 127 1
2036 127 1
2037 127 1
2038 127 1
2039 127 1
2040 127 1
2041 127 1
2042 127 1
2043 127 1
2044 127 1
2045 127 1
2046 127 1
2047 127 1
2047 0 1
2047 1 1
2047 2 1
2047 3 1
2047 4 1
2047 5 1
2047 6 1
2047 7 1
2047 8 1
2047 9 1
2047 10 1
2047 11 1
2047 12 1
2047 13 1
2047 14 1
2047 15 1
2047 16 1
2047 17 1
2047 18 1
2047 19 1
2047 20 1
2047 21 1
2047 22 1
2047 23 1
2047 24 1
2047 25 1
2047 26 1
2047 27 1
2047 28 1
2047 29 1
2047 30 1
2047 31 1
2047 32 1
2047 33 1
2047 34 1
2047 35 1
2047 36 1
2047 37 1
2047 38 1
2047 39 1
2047 40 1
2047 41 1
2047 42 1
2047 43 1
2047 44 1
2047 45 1
2047 46 1
2047 47 1
2047 48 1
2047 49 1
2047 50 1
2047 51 1
2047 52 1
2047 53 1
2047 54 1
2047 55 1
2047 56 1
2047 57 1
2047 58 1
2047 59 1
2047 60 1
2047 61 1
2047 62 1
2047 63 1
2047 64 1
2047 65 1
2047 66 1
2047 67 1
2047 68 1
2047 69 1
2047 70 1
2047 71 1
2047 72 1
2047 73 1
2047 74 1
2047 75 1
2047 76 1
2047 77 1
2047 78 1
2047 79 1
2047 80 1
2047 81 1
2047 82 1
2047 83 1
2047 84 1
2047 85 1
2047 86 1
2047 87 1
2047 88 1
2047 89 1
2047 90 1
2047 91 1
2047 92 1
2047 93 1
2047 94 1
2047 95 1
2047 96 1
2047 97 1
2047 98 1
2047 99 1
2047 100 1
2047 101 1
2047 102 1
2047 103 1
2047 104 1
2047 105 1
2047 106 1
2047 107 1
2047 108 1
2047 109 1
2047 110 1
2047 111 1
2047 112 1
2047 113 1
2047 114 1
2047 115 1
2047 116 1
2047 117 1
2047 118 1
2047 119 1
2047 120 1
2047 121 1
2047 122 1
2047 123 1
2047 124 1
2047 125 1
2047 126 1
2047 127 1
0 0 1
0 1 1
0 2 1
0 3 1
0 4 1
0 5 1
0 6 1
0 7 1
0 8 1
0 9 1
0 10 1
0 11 1
0 12 1
0 13 1
0 14 1
0 15 1
0 16 1
0 17 1
0 18 1
0 19 1
0 20 1
0 21 1
0 22 1
0 23 1
0 24 1
0 25 1
0 26 1
0 27 1
0 28 1
0 29 1
0 30 1
0 31 1
0 32 1
0 33 1
0 34 1
0 35 1
0 36 1
0 37 1
0 38 1
0 39 1
0 40 1
0 41 1
0 42 1
0 43 1
0 44 1
0 45 1
0 46 1
0 47 1
0 48 1
0 49 1
0 50 1
0 51 1
0 52 1
0 53 1
0 54 1
0 55 1
0 56 1
0 57 1
0 58 1
0 59 1
0 60 1
0 61 1
0 62 1
0 63 1
0 64 1
0 65 1
0 66 1
0 67 1
0 68 1
0 69 1
0 70 1
0 71 1
0 72 1
0 73 1
0 74 1
0 75 1
0 76 1
0 77 1
0 78 1
0 79 1
0 80 1
0 81 1
0 82 1
0 83 1
0 84 1
0 85 1
0 86 1
0 87 1
0 88 1
0 89 1
0 90 1
0 91 1
0 92 1
0 93 1
0 94 1
0 95 1
0 96 1
0 97 1
0 98 1
0 99 1
0 100 1
0 101 1
0 102 1
0 103 1
0 104 1
0 105 1
0 106 1
0 107 1
0 108 1
0 109 1
0 110 1
0 111 1
0 112 1
0 113 1
0 114 1
0 115 1
0 116 1
0 117 1
0 118 1
0 119 1
0 120 1
0 121 1
0 122 1
0 123 1
0 124 1
0 125 1
0 126 1
0 127 1
512 0 1
512 1 1
512 2 1
512 3 1
512 4 1
512 5 1
512 6 1
512 7 1
512 8 1
512 9 1
512 10 1
512 11 1
512 12 1
512 13 1
512 14 1
512 15 1
512 16 1
512 17 1
512 18 1
512 19 1
512 20 1
512 21 1
512 22 1
512 23 1
512 24 1
512 25 1
512 26 1
512 27 1
512 28 1
512 29 1
512 30 1
512 31 1
512 32 1
512 33 1
512 34 1
512 35 1
512 36 1
512 37 1
512 38 1
512 39 1
512 40 1
512 41 1
512 42 1
512 43 1
512 44 1
512 45 1
512 46 1
512 47 1
512 48 1
512 49 1
512 50 1
512 51 1
512 52 1
512 53 1
512 54 1
512 55 1
512 56 1
512 57 1
512 58 1
512 59 1
512 60 1
512 61 1
512 62 1
512 63 1
512 64 1
512 65 1
512 66 1
512 67 1
512 68 1
512 69 1
512 70 1
512 71 1
512 72 1
512 73 1
512 74 1
512 75 1
512 76 1
512 77 1
512 78 1
512 79 1
512 80 1
512 81 1
512 82 1
512 83 1
512 84 1
512 85 1
512 86 1
512 87 1
512 88 1
512 89 1
512 90 1
512 91 1
512 92 1
512 93 1
512 94 1
512 95 1
512 96 1
512 97 1
512 98 1
512 99 1
512 100 1
512 101 1
512 102 1
512 103 1
512 104 1
512 105 1
512 106 1
512 107 1
512 108 1
512 109 1
512 110 1
512 111 1
512 112 1
512 113 1
512 114 1
512 115 1
512 116 1
512 117 1
512 118 1
512 119 1
512 120 1
512 121 1
512 122 1
512 123 1
512 124 1
512 125 1
512 126 1
512 127 1
1024 0 1
1024 1 1
1024 2 1
1024 3 1
1024 4 1
1024 5 1
1024 6 1
1024 7 1
1024 8 1
1024 9 1
1024 10 1
1024 11 1
1024 12 1
1024 13 1
1024 14 1
1024 15 1
1024 16 1
1024 17 1
1024 18 1
1024 19 1
1024 20 1
1024 21 1
1024 22 1
1024 23 1
1024 24 1
1024 25 1
1024 26 1
1024 27 1
1024 28 1
1024 29 1
1024 30 1
1024 31 1
1024 32 1
1024 33 1
1024 34 1
1024 35 1
1024 36 1
1024 37 1
1024 38 1
1024 39 1
1024 40 1
1024 41 1
1024 42 1
1024 43 1
1024 44 1
1024 45 1
1024 46 1
1024 47 1
1024 48 1
1024 49 1
1024 50 1
1024 51 1
1024 52 1
1024 53 1
1024 54 1
1024 55 1
1024 56 1
1024 57 1
1024 58 1
1024 59 1
1024 60 1
1024 61 1
1024 62 1
1024 63 1
1024 64 1
1024 65 1
1024 66 1
1024 67 1
1024 68 1
1024 69 1
1024 70 1
1024 71 1
1024 72 1
1024 73 1
1024 74 1
1024 75 1
1024 76 1
1024 77 1
1024 78 1
1024 79 1
1024 80 1
1024 81 1
1024 82 1
1024 83 1
1024 84 1
1024 85 1
1024 86 1
1024 87 1
1024 88 1
1024 89 1
1024 90 1
1024 91 1
1024 92 1
1024 93 1
1024 94 1
1024 95 1
1024 96 1
1024 97 1
1024 98 1
1024 99 1
1024 100 1
1024 101 1
1024 102 1
1024 103 1
1024 104 1
1024 105 1
1024 106 1
1024 107 1
1024 108 1
1024 109 1
1024 110 1
1024 111 1
1024 112 1
1024 113 1
1024 114 1
1024 115 1
1024 116 1
1024 117 1
1024 118 1
1024 119 1
1024 120 1
1024 121 1
1024 122 1
1024 123 1
1024 124 1
1024 125 1
1024 126 1
1024 127 1
