0 0 1
1 0 1
2 0 1
3 0 1
4 0 1
5 0 1
6 0 1
7 0 1
8 0 1
9 0 1
10 0 1
11 0 1
12 0 1
13 0 1
14 0 1
15 0 1
16 0 1
17 0 1
18 0 1
19 0 1
20 0 1
21 0 1
22 0 1
23 0 1
24 0 1
25 0 1
26 0 1
27 0 1
28 0 1
29 0 1
30 0 1
31 0 1
32 0 1
33 0 1
34 0 1
35 0 1
36 0 1
37 0 1
38 0 1
39 0 1
40 0 1
41 0 1
42 0 1
43 0 1
44 0 1
45 0 1
46 0 1
47 0 1
48 0 1
49 0 1
50 0 1
51 0 1
52 0 1
53 0 1
54 0 1
55 0 1
56 0 1
57 0 1
58 0 1
59 0 1
60 0 1
61 0 1
62 0 1
63 0 1
64 0 1
65 0 1
66 0 1
67 0 1
68 0 1
69 0 1
70 0 1
71 0 1
72 0 1
73 0 1
74 0 1
75 0 1
76 0 1
77 0 1
78 0 1
79 0 1
80 0 1
81 0 1
82 0 1
83 0 1
84 0 1
85 0 1
86 0 1
87 0 1
88 0 1
89 0 1
90 0 1
91 0 1
92 0 1
93 0 1
94 0 1
95 0 1
96 0 1
97 0 1
98 0 1
99 0 1
100 0 1
101 0 1
102 0 1
103 0 1
104 0 1
105 0 1
106 0 1
107 0 1
108 0 1
109 0 1
110 0 1
111 0 1
112 0 1
113 0 1
114 0 1
115 0 1
116 0 1
117 0 1
118 0 1
119 0 1
120 0 1
121 0 1
122 0 1
123 0 1
124 0 1
125 0 1
126 0 1
127 0 1
128 0 1
129 0 1
130 0 1
131 0 1
132 0 1
133 0 1
134 0 1
135 0 1
136 0 1
137 0 1
138 0 1
139 0 1
140 0 1
141 0 1
142 0 1
143 0 1
144 0 1
145 0 1
146 0 1
147 0 1
148 0 1
149 0 1
150 0 1
151 0 1
152 0 1
153 0 1
154 0 1
155 0 1
156 0 1
157 0 1
158 0 1
159 0 1
160 0 1
161 0 1
162 0 1
163 0 1
164 0 1
165 0 1
166 0 1
167 0 1
168 0 1
169 0 1
170 0 1
171 0 1
172 0 1
173 0 1
174 0 1
175 0 1
176 0 1
177 0 1
178 0 1
179 0 1
180 0 1
181 0 1
182 0 1
183 0 1
184 0 1
185 0 1
186 0 1
187 0 1
188 0 1
189 0 1
190 0 1
191 0 1
192 0 1
193 0 1
194 0 1
195 0 1
196 0 1
197 0 1
198 0 1
199 0 1
200 0 1
201 0 1
202 0 1
203 0 1
204 0 1
205 0 1
206 0 1
207 0 1
208 0 1
209 0 1
210 0 1
211 0 1
212 0 1
213 0 1
214 0 1
215 0 1
216 0 1
217 0 1
218 0 1
219 0 1
220 0 1
221 0 1
222 0 1
223 0 1
224 0 1
225 0 1
226 0 1
227 0 1
228 0 1
229 0 1
230 0 1
231 0 1
232 0 1
233 0 1
234 0 1
235 0 1
236 0 1
237 0 1
238 0 1
239 0 1
240 0 1
241 0 1
242 0 1
243 0 1
244 0 1
245 0 1
246 0 1
247 0 1
248 0 1
249 0 1
250 0 1
251 0 1
252 0 1
253 0 1
254 0 1
255 0 1
256 0 1
257 0 1
258 0 1
259 0 1
260 0 1
261 0 1
262 0 1
263 0 1
264 0 1
265 0 1
266 0 1
267 0 1
268 0 1
269 0 1
270 0 1
271 0 1
272 0 1
273 0 1
274 0 1
275 0 1
276 0 1
277 0 1
278 0 1
279 0 1
280 0 1
281 0 1
282 0 1
283 0 1
284 0 1
285 0 1
286 0 1
287 0 1
288 0 1
289 0 1
290 0 1
291 0 1
292 0 1
293 0 1
294 0 1
295 0 1
296 0 1
297 0 1
298 0 1
299 0 1
300 0 1
301 0 1
302 0 1
303 0 1
304 0 1
305 0 1
306 0 1
307 0 1
308 0 1
309 0 1
310 0 1
311 0 1
312 0 1
313 0 1
314 0 1
315 0 1
316 0 1
317 0 1
318 0 1
319 0 1
320 0 1
321 0 1
322 0 1
323 0 1
324 0 1
325 0 1
326 0 1
327 0 1
328 0 1
329 0 1
330 0 1
331 0 1
332 0 1
333 0 1
334 0 1
335 0 1
336 0 1
337 0 1
338 0 1
339 0 1
340 0 1
341 0 1
342 0 1
343 0 1
344 0 1
345 0 1
346 0 1
347 0 1
348 0 1
349 0 1
350 0 1
351 0 1
352 0 1
353 0 1
354 0 1
355 0 1
356 0 1
357 0 1
358 0 1
359 0 1
360 0 1
361 0 1
362 0 1
363 0 1
364 0 1
365 0 1
366 0 1
367 0 1
368 0 1
369 0 1
370 0 1
371 0 1
372 0 1
373 0 1
374 0 1
375 0 1
376 0 1
377 0 1
378 0 1
379 0 1
380 0 1
381 0 1
382 0 1
383 0 1
384 0 1
385 0 1
386 0 1
387 0 1
388 0 1
389 0 1
390 0 1
391 0 1
392 0 1
393 0 1
394 0 1
395 0 1
396 0 1
397 0 1
398 0 1
399 0 1
400 0 1
401 0 1
402 0 1
403 0 1
404 0 1
405 0 1
406 0 1
407 0 1
408 0 1
409 0 1
410 0 1
411 0 1
412 0 1
413 0 1
414 0 1
415 0 1
416 0 1
417 0 1
418 0 1
419 0 1
420 0 1
421 0 1
422 0 1
423 0 1
424 0 1
425 0 1
426 0 1
427 0 1
428 0 1
429 0 1
430 0 1
431 0 1
432 0 1
433 0 1
434 0 1
435 0 1
436 0 1
437 0 1
438 0 1
439 0 1
440 0 1
441 0 1
442 0 1
443 0 1
444 0 1
445 0 1
446 0 1
447 0 1
448 0 1
449 0 1
450 0 1
451 0 1
452 0 1
453 0 1
454 0 1
455 0 1
456 0 1
457 0 1
458 0 1
459 0 1
460 0 1
461 0 1
462 0 1
463 0 1
464 0 1
465 0 1
466 0 1
467 0 1
468 0 1
469 0 1
470 0 1
471 0 1
472 0 1
473 0 1
474 0 1
475 0 1
476 0 1
477 0 1
478 0 1
479 0 1
480 0 1
481 0 1
482 0 1
483 0 1
484 0 1
485 0 1
486 0 1
487 0 1
488 0 1
489 0 1
490 0 1
491 0 1
492 0 1
493 0 1
494 0 1
495 0 1
496 0 1
497 0 1
498 0 1
499 0 1
500 0 1
501 0 1
502 0 1
503 0 1
504 0 1
505 0 1
506 0 1
507 0 1
508 0 1
509 0 1
510 0 1
511 0 1
512 0 1
513 0 1
514 0 1
515 0 1
516 0 1
517 0 1
518 0 1
519 0 1
520 0 1
521 0 1
522 0 1
523 0 1
524 0 1
525 0 1
526 0 1
527 0 1
528 0 1
529 0 1
530 0 1
531 0 1
532 0 1
533 0 1
534 0 1
535 0 1
536 0 1
537 0 1
538 0 1
539 0 1
540 0 1
541 0 1
542 0 1
543 0 1
544 0 1
545 0 1
546 0 1
547 0 1
548 0 1
549 0 1
550 0 1
551 0 1
552 0 1
553 0 1
554 0 1
555 0 1
556 0 1
557 0 1
558 0 1
559 0 1
560 0 1
561 0 1
562 0 1
563 0 1
564 0 1
565 0 1
566 0 1
567 0 1
568 0 1
569 0 1
570 0 1
571 0 1
572 0 1
573 0 1
574 0 1
575 0 1
576 0 1
577 0 1
578 0 1
579 0 1
580 0 1
581 0 1
582 0 1
583 0 1
584 0 1
585 0 1
586 0 1
587 0 1
588 0 1
589 0 1
590 0 1
591 0 1
592 0 1
593 0 1
594 0 1
595 0 1
596 0 1
597 0 1
598 0 1
599 0 1
600 0 1
601 0 1
602 0 1
603 0 1
604 0 1
605 0 1
606 0 1
607 0 1
608 0 1
609 0 1
610 0 1
611 0 1
612 0 1
613 0 1
614 0 1
615 0 1
616 0 1
617 0 1
618 0 1
619 0 1
620 0 1
621 0 1
622 0 1
623 0 1
624 0 1
625 0 1
626 0 1
627 0 1
628 0 1
629 0 1
630 0 1
631 0 1
632 0 1
633 0 1
634 0 1
635 0 1
636 0 1
637 0 1
638 0 1
639 0 1
640 0 1
641 0 1
642 0 1
643 0 1
644 0 1
645 0 1
646 0 1
647 0 1
648 0 1
649 0 1
650 0 1
651 0 1
652 0 1
653 0 1
654 0 1
655 0 1
656 0 1
657 0 1
658 0 1
659 0 1
660 0 1
661 0 1
662 0 1
663 0 1
664 0 1
665 0 1
666 0 1
667 0 1
668 0 1
669 0 1
670 0 1
671 0 1
672 0 1
673 0 1
674 0 1
675 0 1
676 0 1
677 0 1
678 0 1
679 0 1
680 0 1
681 0 1
682 0 1
683 0 1
684 0 1
685 0 1
686 0 1
687 0 1
688 0 1
689 0 1
690 0 1
691 0 1
692 0 1
693 0 1
694 0 1
695 0 1
696 0 1
697 0 1
698 0 1
699 0 1
700 0 1
701 0 1
702 0 1
703 0 1
704 0 1
705 0 1
706 0 1
707 0 1
708 0 1
709 0 1
710 0 1
711 0 1
712 0 1
713 0 1
714 0 1
715 0 1
716 0 1
717 0 1
718 0 1
719 0 1
720 0 1
721 0 1
722 0 1
723 0 1
724 0 1
725 0 1
726 0 1
727 0 1
728 0 1
729 0 1
730 0 1
731 0 1
732 0 1
733 0 1
734 0 1
735 0 1
736 0 1
737 0 1
738 0 1
739 0 1
740 0 1
741 0 1
742 0 1
743 0 1
744 0 1
745 0 1
746 0 1
747 0 1
748 0 1
749 0 1
750 0 1
751 0 1
752 0 1
753 0 1
754 0 1
755 0 1
756 0 1
757 0 1
758 0 1
759 0 1
760 0 1
761 0 1
762 0 1
763 0 1
764 0 1
765 0 1
766 0 1
767 0 1
768 0 1
769 0 1
770 0 1
771 0 1
772 0 1
773 0 1
774 0 1
775 0 1
776 0 1
777 0 1
778 0 1
779 0 1
780 0 1
781 0 1
782 0 1
783 0 1
784 0 1
785 0 1
786 0 1
787 0 1
788 0 1
789 0 1
790 0 1
791 0 1
792 0 1
793 0 1
794 0 1
795 0 1
796 0 1
797 0 1
798 0 1
799 0 1
800 0 1
801 0 1
802 0 1
803 0 1
804 0 1
805 0 1
806 0 1
807 0 1
808 0 1
809 0 1
810 0 1
811 0 1
812 0 1
813 0 1
814 0 1
815 0 1
816 0 1
817 0 1
818 0 1
819 0 1
820 0 1
821 0 1
822 0 1
823 0 1
824 0 1
825 0 1
826 0 1
827 0 1
828 0 1
829 0 1
830 0 1
831 0 1
832 0 1
833 0 1
834 0 1
835 0 1
836 0 1
837 0 1
838 0 1
839 0 1
840 0 1
841 0 1
842 0 1
843 0 1
844 0 1
845 0 1
846 0 1
847 0 1
848 0 1
849 0 1
850 0 1
851 0 1
852 0 1
853 0 1
854 0 1
855 0 1
856 0 1
857 0 1
858 0 1
859 0 1
860 0 1
861 0 1
862 0 1
863 0 1
864 0 1
865 0 1
866 0 1
867 0 1
868 0 1
869 0 1
870 0 1
871 0 1
872 0 1
873 0 1
874 0 1
875 0 1
876 0 1
877 0 1
878 0 1
879 0 1
880 0 1
881 0 1
882 0 1
883 0 1
884 0 1
885 0 1
886 0 1
887 0 1
888 0 1
889 0 1
890 0 1
891 0 1
892 0 1
893 0 1
894 0 1
895 0 1
896 0 1
897 0 1
898 0 1
899 0 1
900 0 1
901 0 1
902 0 1
903 0 1
904 0 1
905 0 1
906 0 1
907 0 1
908 0 1
909 0 1
910 0 1
911 0 1
912 0 1
913 0 1
914 0 1
915 0 1
916 0 1
917 0 1
918 0 1
919 0 1
920 0 1
921 0 1
922 0 1
923 0 1
924 0 1
925 0 1
926 0 1
927 0 1
928 0 1
929 0 1
930 0 1
931 0 1
932 0 1
933 0 1
934 0 1
935 0 1
936 0 1
937 0 1
938 0 1
939 0 1
940 0 1
941 0 1
942 0 1
943 0 1
944 0 1
945 0 1
946 0 1
947 0 1
948 0 1
949 0 1
950 0 1
951 0 1
952 0 1
953 0 1
954 0 1
955 0 1
956 0 1
957 0 1
958 0 1
959 0 1
960 0 1
961 0 1
962 0 1
963 0 1
964 0 1
965 0 1
966 0 1
967 0 1
968 0 1
969 0 1
970 0 1
971 0 1
972 0 1
973 0 1
974 0 1
975 0 1
976 0 1
977 0 1
978 0 1
979 0 1
980 0 1
981 0 1
982 0 1
983 0 1
984 0 1
985 0 1
986 0 1
987 0 1
988 0 1
989 0 1
990 0 1
991 0 1
992 0 1
993 0 1
994 0 1
995 0 1
996 0 1
997 0 1
998 0 1
999 0 1
1000 0 1
1001 0 1
1002 0 1
1003 0 1
1004 0 1
1005 0 1
1006 0 1
1007 0 1
1008 0 1
1009 0 1
1010 0 1
1011 0 1
1012 0 1
1013 0 1
1014 0 1
1015 0 1
1016 0 1
1017 0 1
1018 0 1
1019 0 1
1020 0 1
1021 0 1
1022 0 1
1023 0 1
1024 0 1
1025 0 1
1026 0 1
1027 0 1
1028 0 1
1029 0 1
1030 0 1
1031 0 1
1032 0 1
1033 0 1
1034 0 1
1035 0 1
1036 0 1
1037 0 1
1038 0 1
1039 0 1
1040 0 1
1041 0 1
1042 0 1
1043 0 1
1044 0 1
1045 0 1
1046 0 1
1047 0 1
1048 0 1
1049 0 1
1050 0 1
1051 0 1
1052 0 1
1053 0 1
1054 0 1
1055 0 1
1056 0 1
1057 0 1
1058 0 1
1059 0 1
1060 0 1
1061 0 1
1062 0 1
1063 0 1
1064 0 1
1065 0 1
1066 0 1
1067 0 1
1068 0 1
1069 0 1
1070 0 1
1071 0 1
1072 0 1
1073 0 1
1074 0 1
1075 0 1
1076 0 1
1077 0 1
1078 0 1
1079 0 1
1080 0 1
1081 0 1
1082 0 1
1083 0 1
1084 0 1
1085 0 1
1086 0 1
1087 0 1
1088 0 1
1089 0 1
1090 0 1
1091 0 1
1092 0 1
1093 0 1
1094 0 1
1095 0 1
1096 0 1
1097 0 1
1098 0 1
1099 0 1
1100 0 1
1101 0 1
1102 0 1
1103 0 1
1104 0 1
1105 0 1
1106 0 1
1107 0 1
1108 0 1
1109 0 1
1110 0 1
1111 0 1
1112 0 1
1113 0 1
1114 0 1
1115 0 1
1116 0 1
1117 0 1
1118 0 1
1119 0 1
1120 0 1
1121 0 1
1122 0 1
1123 0 1
1124 0 1
1125 0 1
1126 0 1
1127 0 1
1128 0 1
1129 0 1
1130 0 1
1131 0 1
1132 0 1
1133 0 1
1134 0 1
1135 0 1
1136 0 1
1137 0 1
1138 0 1
1139 0 1
1140 0 1
1141 0 1
1142 0 1
1143 0 1
1144 0 1
1145 0 1
1146 0 1
1147 0 1
1148 0 1
1149 0 1
1150 0 1
1151 0 1
1152 0 1
1153 0 1
1154 0 1
1155 0 1
1156 0 1
1157 0 1
1158 0 1
1159 0 1
1160 0 1
1161 0 1
1162 0 1
1163 0 1
1164 0 1
1165 0 1
1166 0 1
1167 0 1
1168 0 1
1169 0 1
1170 0 1
1171 0 1
1172 0 1
1173 0 1
1174 0 1
1175 0 1
1176 0 1
1177 0 1
1178 0 1
1179 0 1
1180 0 1
1181 0 1
1182 0 1
1183 0 1
1184 0 1
1185 0 1
1186 0 1
1187 0 1
1188 0 1
1189 0 1
1190 0 1
1191 0 1
1192 0 1
1193 0 1
1194 0 1
1195 0 1
1196 0 1
1197 0 1
1198 0 1
1199 0 1
1200 0 1
1201 0 1
1202 0 1
1203 0 1
1204 0 1
1205 0 1
1206 0 1
1207 0 1
1208 0 1
1209 0 1
1210 0 1
1211 0 1
1212 0 1
1213 0 1
1214 0 1
1215 0 1
1216 0 1
1217 0 1
1218 0 1
1219 0 1
1220 0 1
1221 0 1
1222 0 1
1223 0 1
1224 0 1
1225 0 1
1226 0 1
1227 0 1
1228 0 1
1229 0 1
1230 0 1
1231 0 1
1232 0 1
1233 0 1
1234 0 1
1235 0 1
1236 0 1
1237 0 1
1238 0 1
1239 0 1
1240 0 1
1241 0 1
1242 0 1
1243 0 1
1244 0 1
1245 0 1
1246 0 1
1247 0 1
1248 0 1
1249 0 1
1250 0 1
1251 0 1
1252 0 1
1253 0 1
1254 0 1
1255 0 1
1256 0 1
1257 0 1
1258 0 1
1259 0 1
1260 0 1
1261 0 1
1262 0 1
1263 0 1
1264 0 1
1265 0 1
1266 0 1
1267 0 1
1268 0 1
1269 0 1
1270 0 1
1271 0 1
1272 0 1
1273 0 1
1274 0 1
1275 0 1
1276 0 1
1277 0 1
1278 0 1
1279 0 1
1280 0 1
1281 0 1
1282 0 1
1283 0 1
1284 0 1
1285 0 1
1286 0 1
1287 0 1
1288 0 1
1289 0 1
1290 0 1
1291 0 1
1292 0 1
1293 0 1
1294 0 1
1295 0 1
1296 0 1
1297 0 1
1298 0 1
1299 0 1
1300 0 1
1301 0 1
1302 0 1
1303 0 1
1304 0 1
1305 0 1
1306 0 1
1307 0 1
1308 0 1
1309 0 1
1310 0 1
1311 0 1
1312 0 1
1313 0 1
1314 0 1
1315 0 1
1316 0 1
1317 0 1
1318 0 1
1319 0 1
1320 0 1
1321 0 1
1322 0 1
1323 0 1
1324 0 1
1325 0 1
1326 0 1
1327 0 1
1328 0 1
1329 0 1
1330 0 1
1331 0 1
1332 0 1
1333 0 1
1334 0 1
1335 0 1
1336 0 1
1337 0 1
1338 0 1
1339 0 1
1340 0 1
1341 0 1
1342 0 1
1343 0 1
1344 0 1
1345 0 1
1346 0 1
1347 0 1
1348 0 1
1349 0 1
1350 0 1
1351 0 1
1352 0 1
1353 0 1
1354 0 1
1355 0 1
1356 0 1
1357 0 1
1358 0 1
1359 0 1
1360 0 1
1361 0 1
1362 0 1
1363 0 1
1364 0 1
1365 0 1
1366 0 1
1367 0 1
1368 0 1
1369 0 1
1370 0 1
1371 0 1
1372 0 1
1373 0 1
1374 0 1
1375 0 1
1376 0 1
1377 0 1
1378 0 1
1379 0 1
1380 0 1
1381 0 1
1382 0 1
1383 0 1
1384 0 1
1385 0 1
1386 0 1
1387 0 1
1388 0 1
1389 0 1
1390 0 1
1391 0 1
1392 0 1
1393 0 1
1394 0 1
1395 0 1
1396 0 1
1397 0 1
1398 0 1
1399 0 1
1400 0 1
1401 0 1
1402 0 1
1403 0 1
1404 0 1
1405 0 1
1406 0 1
1407 0 1
1408 0 1
1409 0 1
1410 0 1
1411 0 1
1412 0 1
1413 0 1
1414 0 1
1415 0 1
1416 0 1
1417 0 1
1418 0 1
1419 0 1
1420 0 1
1421 0 1
1422 0 1
1423 0 1
1424 0 1
1425 0 1
1426 0 1
1427 0 1
1428 0 1
1429 0 1
1430 0 1
1431 0 1
1432 0 1
1433 0 1
1434 0 1
1435 0 1
1436 0 1
1437 0 1
1438 0 1
1439 0 1
1440 0 1
1441 0 1
1442 0 1
1443 0 1
1444 0 1
1445 0 1
1446 0 1
1447 0 1
1448 0 1
1449 0 1
1450 0 1
1451 0 1
1452 0 1
1453 0 1
1454 0 1
1455 0 1
1456 0 1
1457 0 1
1458 0 1
1459 0 1
1460 0 1
1461 0 1
1462 0 1
1463 0 1
1464 0 1
1465 0 1
1466 0 1
1467 0 1
1468 0 1
1469 0 1
1470 0 1
1471 0 1
1472 0 1
1473 0 1
1474 0 1
1475 0 1
1476 0 1
1477 0 1
1478 0 1
1479 0 1
1480 0 1
1481 0 1
1482 0 1
1483 0 1
1484 0 1
1485 0 1
1486 0 1
1487 0 1
1488 0 1
1489 0 1
1490 0 1
1491 0 1
1492 0 1
1493 0 1
1494 0 1
1495 0 1
1496 0 1
1497 0 1
1498 0 1
1499 0 1
1500 0 1
1501 0 1
1502 0 1
1503 0 1
1504 0 1
1505 0 1
1506 0 1
1507 0 1
1508 0 1
1509 0 1
1510 0 1
1511 0 1
1512 0 1
1513 0 1
1514 0 1
1515 0 1
1516 0 1
1517 0 1
1518 0 1
1519 0 1
1520 0 1
1521 0 1
1522 0 1
1523 0 1
1524 0 1
1525 0 1
1526 0 1
1527 0 1
1528 0 1
1529 0 1
1530 0 1
1531 0 1
1532 0 1
1533 0 1
1534 0 1
1535 0 1
1536 0 1
1537 0 1
1538 0 1
1539 0 1
1540 0 1
1541 0 1
1542 0 1
1543 0 1
1544 0 1
1545 0 1
1546 0 1
1547 0 1
1548 0 1
1549 0 1
1550 0 1
1551 0 1
1552 0 1
1553 0 1
1554 0 1
1555 0 1
1556 0 1
1557 0 1
1558 0 1
1559 0 1
1560 0 1
1561 0 1
1562 0 1
1563 0 1
1564 0 1
1565 0 1
1566 0 1
1567 0 1
1568 0 1
1569 0 1
1570 0 1
1571 0 1
1572 0 1
1573 0 1
1574 0 1
1575 0 1
1576 0 1
1577 0 1
1578 0 1
1579 0 1
1580 0 1
1581 0 1
1582 0 1
1583 0 1
1584 0 1
1585 0 1
1586 0 1
1587 0 1
1588 0 1
1589 0 1
1590 0 1
1591 0 1
1592 0 1
1593 0 1
1594 0 1
1595 0 1
1596 0 1
1597 0 1
1598 0 1
1599 0 1
1600 0 1
1601 0 1
1602 0 1
1603 0 1
1604 0 1
1605 0 1
1606 0 1
1607 0 1
1608 0 1
1609 0 1
1610 0 1
1611 0 1
1612 0 1
1613 0 1
1614 0 1
1615 0 1
1616 0 1
1617 0 1
1618 0 1
1619 0 1
1620 0 1
1621 0 1
1622 0 1
1623 0 1
1624 0 1
1625 0 1
1626 0 1
1627 0 1
1628 0 1
1629 0 1
1630 0 1
1631 0 1
1632 0 1
1633 0 1
1634 0 1
1635 0 1
1636 0 1
1637 0 1
1638 0 1
1639 0 1
1640 0 1
1641 0 1
1642 0 1
1643 0 1
1644 0 1
1645 0 1
1646 0 1
1647 0 1
1648 0 1
1649 0 1
1650 0 1
1651 0 1
1652 0 1
1653 0 1
1654 0 1
1655 0 1
1656 0 1
1657 0 1
1658 0 1
1659 0 1
1660 0 1
1661 0 1
1662 0 1
1663 0 1
1664 0 1
1665 0 1
1666 0 1
1667 0 1
1668 0 1
1669 0 1
1670 0 1
1671 0 1
1672 0 1
1673 0 1
1674 0 1
1675 0 1
1676 0 1
1677 0 1
1678 0 1
1679 0 1
1680 0 1
1681 0 1
1682 0 1
1683 0 1
1684 0 1
1685 0 1
1686 0 1
1687 0 1
1688 0 1
1689 0 1
1690 0 1
1691 0 1
1692 0 1
1693 0 1
1694 0 1
1695 0 1
1696 0 1
1697 0 1
1698 0 1
1699 0 1
1700 0 1
1701 0 1
1702 0 1
1703 0 1
1704 0 1
1705 0 1
1706 0 1
1707 0 1
1708 0 1
1709 0 1
1710 0 1
1711 0 1
1712 0 1
1713 0 1
1714 0 1
1715 0 1
1716 0 1
1717 0 1
1718 0 1
1719 0 1
1720 0 1
1721 0 1
1722 0 1
1723 0 1
1724 0 1
1725 0 1
1726 0 1
1727 0 1
1728 0 1
1729 0 1
1730 0 1
1731 0 1
1732 0 1
1733 0 1
1734 0 1
1735 0 1
1736 0 1
1737 0 1
1738 0 1
1739 0 1
1740 0 1
1741 0 1
1742 0 1
1743 0 1
1744 0 1
1745 0 1
1746 0 1
1747 0 1
1748 0 1
1749 0 1
1750 0 1
1751 0 1
1752 0 1
1753 0 1
1754 0 1
1755 0 1
1756 0 1
1757 0 1
1758 0 1
1759 0 1
1760 0 1
1761 0 1
1762 0 1
1763 0 1
1764 0 1
1765 0 1
1766 0 1
1767 0 1
1768 0 1
1769 0 1
1770 0 1
1771 0 1
1772 0 1
1773 0 1
1774 0 1
1775 0 1
1776 0 1
1777 0 1
1778 0 1
1779 0 1
1780 0 1
1781 0 1
1782 0 1
1783 0 1
1784 0 1
1785 0 1
1786 0 1
1787 0 1
1788 0 1
1789 0 1
1790 0 1
1791 0 1
1792 0 1
1793 0 1
1794 0 1
1795 0 1
1796 0 1
1797 0 1
1798 0 1
1799 0 1
1800 0 1
1801 0 1
1802 0 1
1803 0 1
1804 0 1
1805 0 1
1806 0 1
1807 0 1
1808 0 1
1809 0 1
1810 0 1
1811 0 1
1812 0 1
1813 0 1
1814 0 1
1815 0 1
1816 0 1
1817 0 1
1818 0 1
1819 0 1
1820 0 1
1821 0 1
1822 0 1
1823 0 1
1824 0 1
1825 0 1
1826 0 1
1827 0 1
1828 0 1
1829 0 1
1830 0 1
1831 0 1
1832 0 1
1833 0 1
1834 0 1
1835 0 1
1836 0 1
1837 0 1
1838 0 1
1839 0 1
1840 0 1
1841 0 1
1842 0 1
1843 0 1
1844 0 1
1845 0 1
1846 0 1
1847 0 1
1848 0 1
1849 0 1
1850 0 1
1851 0 1
1852 0 1
1853 0 1
1854 0 1
1855 0 1
1856 0 1
1857 0 1
1858 0 1
1859 0 1
1860 0 1
1861 0 1
1862 0 1
1863 0 1
1864 0 1
1865 0 1
1866 0 1
1867 0 1
1868 0 1
1869 0 1
1870 0 1
1871 0 1
1872 0 1
1873 0 1
1874 0 1
1875 0 1
1876 0 1
1877 0 1
1878 0 1
1879 0 1
1880 0 1
1881 0 1
1882 0 1
1883 0 1
1884 0 1
1885 0 1
1886 0 1
1887 0 1
1888 0 1
1889 0 1
1890 0 1
1891 0 1
1892 0 1
1893 0 1
1894 0 1
1895 0 1
1896 0 1
1897 0 1
1898 0 1
1899 0 1
1900 0 1
1901 0 1
1902 0 1
1903 0 1
1904 0 1
1905 0 1
1906 0 1
1907 0 1
1908 0 1
1909 0 1
1910 0 1
1911 0 1
1912 0 1
1913 0 1
1914 0 1
1915 0 1
1916 0 1
1917 0 1
1918 0 1
1919 0 1
1920 0 1
1921 0 1
1922 0 1
1923 0 1
1924 0 1
1925 0 1
1926 0 1
1927 0 1
1928 0 1
1929 0 1
1930 0 1
1931 0 1
1932 0 1
1933 0 1
1934 0 1
1935 0 1
1936 0 1
1937 0 1
1938 0 1
1939 0 1
1940 0 1
1941 0 1
1942 0 1
1943 0 1
1944 0 1
1945 0 1
1946 0 1
1947 0 1
1948 0 1
1949 0 1
1950 0 1
1951 0 1
1952 0 1
1953 0 1
1954 0 1
1955 0 1
1956 0 1
1957 0 1
1958 0 1
1959 0 1
1960 0 1
1961 0 1
1962 0 1
1963 0 1
1964 0 1
1965 0 1
1966 0 1
1967 0 1
1968 0 1
1969 0 1
1970 0 1
1971 0 1
1972 0 1
1973 0 1
1974 0 1
1975 0 1
1976 0 1
1977 0 1
1978 0 1
1979 0 1
1980 0 1
1981 0 1
1982 0 1
1983 0 1
1984 0 1
1985 0 1
1986 0 1
1987 0 1
1988 0 1
1989 0 1
1990 0 1
1991 0 1
1992 0 1
1993 0 1
1994 0 1
1995 0 1
1996 0 1
1997 0 1
1998 0 1
1999 0 1
2000 0 1
2001 0 1
2002 0 1
2003 0 1
2004 0 1
2005 0 1
2006 0 1
2007 0 1
2008 0 1
2009 0 1
2010 0 1
2011 0 1
2012 0 1
2013 0 1
2014 0 1
2015 0 1
2016 0 1
2017 0 1
2018 0 1
2019 0 1
2020 0 1
2021 0 1
2022 0 1
2023 0 1
2024 0 1
2025 0 1
2026 0 1
2027 0 1
2028 0 1
2029 0 1
2030 0 1
2031 0 1
2032 0 1
2033 0 1
2034 0 1
2035 0 1
2036 0 1
2037 0 1
2038 0 1
2039 0 1
2040 0 1
2041 0 1
2042 0 1
2043 0 1
2044 0 1
2045 0 1
2046 0 1
2047 0 1
0 255 1
1 255 1
2 255 1
3 255 1
4 255 1
5 255 1
6 255 1
7 255 1
8 255 1
9 255 1
10 255 1
11 255 1
12 255 1
13 255 1
14 255 1
15 255 1
16 255 1
17 255 1
18 255 1
19 255 1
20 255 1
21 255 1
22 255 1
23 255 1
24 255 1
25 255 1
26 255 1
27 255 1
28 255 1
29 255 1
30 255 1
31 255 1
32 255 1
33 255 1
34 255 1
35 255 1
36 255 1
37 255 1
38 255 1
39 255 1
40 255 1
41 255 1
42 255 1
43 255 1
44 255 1
45 255 1
46 255 1
47 255 1
48 255 1
49 255 1
50 255 1
51 255 1
52 255 1
53 255 1
54 255 1
55 255 1
56 255 1
57 255 1
58 255 1
59 255 1
60 255 1
61 255 1
62 255 1
63 255 1
64 255 1
65 255 1
66 255 1
67 255 1
68 255 1
69 255 1
70 255 1
71 255 1
72 255 1
73 255 1
74 255 1
75 255 1
76 255 1
77 255 1
78 255 1
79 255 1
80 255 1
81 255 1
82 255 1
83 255 1
84 255 1
85 255 1
86 255 1
87 255 1
88 255 1
89 255 1
90 255 1
91 255 1
92 255 1
93 255 1
94 255 1
95 255 1
96 255 1
97 255 1
98 255 1
99 255 1
100 255 1
101 255 1
102 255 1
103 255 1
104 255 1
105 255 1
106 255 1
107 255 1
108 255 1
109 255 1
110 255 1
111 255 1
112 255 1
113 255 1
114 255 1
115 255 1
116 255 1
117 255 1
118 255 1
119 255 1
120 255 1
121 255 1
122 255 1
123 255 1
124 255 1
125 255 1
126 255 1
127 255 1
128 255 1
129 255 1
130 255 1
131 255 1
132 255 1
133 255 1
134 255 1
135 255 1
136 255 1
137 255 1
138 255 1
139 255 1
140 255 1
141 255 1
142 255 1
143 255 1
144 255 1
145 255 1
146 255 1
147 255 1
148 255 1
149 255 1
150 255 1
151 255 1
152 255 1
153 255 1
154 255 1
155 255 1
156 255 1
157 255 1
158 255 1
159 255 1
160 255 1
161 255 1
162 255 1
163 255 1
164 255 1
165 255 1
166 255 1
167 255 1
168 255 1
169 255 1
170 255 1
171 255 1
172 255 1
173 255 1
174 255 1
175 255 1
176 255 1
177 255 1
178 255 1
179 255 1
180 255 1
181 255 1
182 255 1
183 255 1
184 255 1
185 255 1
186 255 1
187 255 1
188 255 1
189 255 1
190 255 1
191 255 1
192 255 1
193 255 1
194 255 1
195 255 1
196 255 1
197 255 1
198 255 1
199 255 1
200 255 1
201 255 1
202 255 1
203 255 1
204 255 1
205 255 1
206 255 1
207 255 1
208 255 1
209 255 1
210 255 1
211 255 1
212 255 1
213 255 1
214 255 1
215 255 1
216 255 1
217 255 1
218 255 1
219 255 1
220 255 1
221 255 1
222 255 1
223 255 1
224 255 1
225 255 1
226 255 1
227 255 1
228 255 1
229 255 1
230 255 1
231 255 1
232 255 1
233 255 1
234 255 1
235 255 1
236 255 1
237 255 1
238 255 1
239 255 1
240 255 1
241 255 1
242 255 1
243 255 1
244 255 1
245 255 1
246 255 1
247 255 1
248 255 1
249 255 1
250 255 1
251 255 1
252 255 1
253 255 1
254 255 1
255 255 1
256 255 1
257 255 1
258 255 1
259 255 1
260 255 1
261 255 1
262 255 1
263 255 1
264 255 1
265 255 1
266 255 1
267 255 1
268 255 1
269 255 1
270 255 1
271 255 1
272 255 1
273 255 1
274 255 1
275 255 1
276 255 1
277 255 1
278 255 1
279 255 1
280 255 1
281 255 1
282 255 1
283 255 1
284 255 1
285 255 1
286 255 1
287 255 1
288 255 1
289 255 1
290 255 1
291 255 1
292 255 1
293 255 1
294 255 1
295 255 1
296 255 1
297 255 1
298 255 1
299 255 1
300 255 1
301 255 1
302 255 1
303 255 1
304 255 1
305 255 1
306 255 1
307 255 1
308 255 1
309 255 1
310 255 1
311 255 1
312 255 1
313 255 1
314 255 1
315 255 1
316 255 1
317 255 1
318 255 1
319 255 1
320 255 1
321 255 1
322 255 1
323 255 1
324 255 1
325 255 1
326 255 1
327 255 1
328 255 1
329 255 1
330 255 1
331 255 1
332 255 1
333 255 1
334 255 1
335 255 1
336 255 1
337 255 1
338 255 1
339 255 1
340 255 1
341 255 1
342 255 1
343 255 1
344 255 1
345 255 1
346 255 1
347 255 1
348 255 1
349 255 1
350 255 1
351 255 1
352 255 1
353 255 1
354 255 1
355 255 1
356 255 1
357 255 1
358 255 1
359 255 1
360 255 1
361 255 1
362 255 1
363 255 1
364 255 1
365 255 1
366 255 1
367 255 1
368 255 1
369 255 1
370 255 1
371 255 1
372 255 1
373 255 1
374 255 1
375 255 1
376 255 1
377 255 1
378 255 1
379 255 1
380 255 1
381 255 1
382 255 1
383 255 1
384 255 1
385 255 1
386 255 1
387 255 1
388 255 1
389 255 1
390 255 1
391 255 1
392 255 1
393 255 1
394 255 1
395 255 1
396 255 1
397 255 1
398 255 1
399 255 1
400 255 1
401 255 1
402 255 1
403 255 1
404 255 1
405 255 1
406 255 1
407 255 1
408 255 1
409 255 1
410 255 1
411 255 1
412 255 1
413 255 1
414 255 1
415 255 1
416 255 1
417 255 1
418 255 1
419 255 1
420 255 1
421 255 1
422 255 1
423 255 1
424 255 1
425 255 1
426 255 1
427 255 1
428 255 1
429 255 1
430 255 1
431 255 1
432 255 1
433 255 1
434 255 1
435 255 1
436 255 1
437 255 1
438 255 1
439 255 1
440 255 1
441 255 1
442 255 1
443 255 1
444 255 1
445 255 1
446 255 1
447 255 1
448 255 1
449 255 1
450 255 1
451 255 1
452 255 1
453 255 1
454 255 1
455 255 1
456 255 1
457 255 1
458 255 1
459 255 1
460 255 1
461 255 1
462 255 1
463 255 1
464 255 1
465 255 1
466 255 1
467 255 1
468 255 1
469 255 1
470 255 1
471 255 1
472 255 1
473 255 1
474 255 1
475 255 1
476 255 1
477 255 1
478 255 1
479 255 1
480 255 1
481 255 1
482 255 1
483 255 1
484 255 1
485 255 1
486 255 1
487 255 1
488 255 1
489 255 1
490 255 1
491 255 1
492 255 1
493 255 1
494 255 1
495 255 1
496 255 1
497 255 1
498 255 1
499 255 1
500 255 1
501 255 1
502 255 1
503 255 1
504 255 1
505 255 1
506 255 1
507 255 1
508 255 1
509 255 1
510 255 1
511 255 1
512 255 1
513 255 1
514 255 1
515 255 1
516 255 1
517 255 1
518 255 1
519 255 1
520 255 1
521 255 1
522 255 1
523 255 1
524 255 1
525 255 1
526 255 1
527 255 1
528 255 1
529 255 1
530 255 1
531 255 1
532 255 1
533 255 1
534 255 1
535 255 1
536 255 1
537 255 1
538 255 1
539 255 1
540 255 1
541 255 1
542 255 1
543 255 1
544 255 1
545 255 1
546 255 1
547 255 1
548 255 1
549 255 1
550 255 1
551 255 1
552 255 1
553 255 1
554 255 1
555 255 1
556 255 1
557 255 1
558 255 1
559 255 1
560 255 1
561 255 1
562 255 1
563 255 1
564 255 1
565 255 1
566 255 1
567 255 1
568 255 1
569 255 1
570 255 1
571 255 1
572 255 1
573 255 1
574 255 1
575 255 1
576 255 1
577 255 1
578 255 1
579 255 1
580 255 1
581 255 1
582 255 1
583 255 1
584 255 1
585 255 1
586 255 1
587 255 1
588 255 1
589 255 1
590 255 1
591 255 1
592 255 1
593 255 1
594 255 1
595 255 1
596 255 1
597 255 1
598 255 1
599 255 1
600 255 1
601 255 1
602 255 1
603 255 1
604 255 1
605 255 1
606 255 1
607 255 1
608 255 1
609 255 1
610 255 1
611 255 1
612 255 1
613 255 1
614 255 1
615 255 1
616 255 1
617 255 1
618 255 1
619 255 1
620 255 1
621 255 1
622 255 1
623 255 1
624 255 1
625 255 1
626 255 1
627 255 1
628 255 1
629 255 1
630 255 1
631 255 1
632 255 1
633 255 1
634 255 1
635 255 1
636 255 1
637 255 1
638 255 1
639 255 1
640 255 1
641 255 1
642 255 1
643 255 1
644 255 1
645 255 1
646 255 1
647 255 1
648 255 1
649 255 1
650 255 1
651 255 1
652 255 1
653 255 1
654 255 1
655 255 1
656 255 1
657 255 1
658 255 1
659 255 1
660 255 1
661 255 1
662 255 1
663 255 1
664 255 1
665 255 1
666 255 1
667 255 1
668 255 1
669 255 1
670 255 1
671 255 1
672 255 1
673 255 1
674 255 1
675 255 1
676 255 1
677 255 1
678 255 1
679 255 1
680 255 1
681 255 1
682 255 1
683 255 1
684 255 1
685 255 1
686 255 1
687 255 1
688 255 1
689 255 1
690 255 1
691 255 1
692 255 1
693 255 1
694 255 1
695 255 1
696 255 1
697 255 1
698 255 1
699 255 1
700 255 1
701 255 1
702 255 1
703 255 1
704 255 1
705 255 1
706 255 1
707 255 1
708 255 1
709 255 1
710 255 1
711 255 1
712 255 1
713 255 1
714 255 1
715 255 1
716 255 1
717 255 1
718 255 1
719 255 1
720 255 1
721 255 1
722 255 1
723 255 1
724 255 1
725 255 1
726 255 1
727 255 1
728 255 1
729 255 1
730 255 1
731 255 1
732 255 1
733 255 1
734 255 1
735 255 1
736 255 1
737 255 1
738 255 1
739 255 1
740 255 1
741 255 1
742 255 1
743 255 1
744 255 1
745 255 1
746 255 1
747 255 1
748 255 1
749 255 1
750 255 1
751 255 1
752 255 1
753 255 1
754 255 1
755 255 1
756 255 1
757 255 1
758 255 1
759 255 1
760 255 1
761 255 1
762 255 1
763 255 1
764 255 1
765 255 1
766 255 1
767 255 1
768 255 1
769 255 1
770 255 1
771 255 1
772 255 1
773 255 1
774 255 1
775 255 1
776 255 1
777 255 1
778 255 1
779 255 1
780 255 1
781 255 1
782 255 1
783 255 1
784 255 1
785 255 1
786 255 1
787 255 1
788 255 1
789 255 1
790 255 1
791 255 1
792 255 1
793 255 1
794 255 1
795 255 1
796 255 1
797 255 1
798 255 1
799 255 1
800 255 1
801 255 1
802 255 1
803 255 1
804 255 1
805 255 1
806 255 1
807 255 1
808 255 1
809 255 1
810 255 1
811 255 1
812 255 1
813 255 1
814 255 1
815 255 1
816 255 1
817 255 1
818 255 1
819 255 1
820 255 1
821 255 1
822 255 1
823 255 1
824 255 1
825 255 1
826 255 1
827 255 1
828 255 1
829 255 1
830 255 1
831 255 1
832 255 1
833 255 1
834 255 1
835 255 1
836 255 1
837 255 1
838 255 1
839 255 1
840 255 1
841 255 1
842 255 1
843 255 1
844 255 1
845 255 1
846 255 1
847 255 1
848 255 1
849 255 1
850 255 1
851 255 1
852 255 1
853 255 1
854 255 1
855 255 1
856 255 1
857 255 1
858 255 1
859 255 1
860 255 1
861 255 1
862 255 1
863 255 1
864 255 1
865 255 1
866 255 1
867 255 1
868 255 1
869 255 1
870 255 1
871 255 1
872 255 1
873 255 1
874 255 1
875 255 1
876 255 1
877 255 1
878 255 1
879 255 1
880 255 1
881 255 1
882 255 1
883 255 1
884 255 1
885 255 1
886 255 1
887 255 1
888 255 1
889 255 1
890 255 1
891 255 1
892 255 1
893 255 1
894 255 1
895 255 1
896 255 1
897 255 1
898 255 1
899 255 1
900 255 1
901 255 1
902 255 1
903 255 1
904 255 1
905 255 1
906 255 1
907 255 1
908 255 1
909 255 1
910 255 1
911 255 1
912 255 1
913 255 1
914 255 1
915 255 1
916 255 1
917 255 1
918 255 1
919 255 1
920 255 1
921 255 1
922 255 1
923 255 1
924 255 1
925 255 1
926 255 1
927 255 1
928 255 1
929 255 1
930 255 1
931 255 1
932 255 1
933 255 1
934 255 1
935 255 1
936 255 1
937 255 1
938 255 1
939 255 1
940 255 1
941 255 1
942 255 1
943 255 1
944 255 1
945 255 1
946 255 1
947 255 1
948 255 1
949 255 1
950 255 1
951 255 1
952 255 1
953 255 1
954 255 1
955 255 1
956 255 1
957 255 1
958 255 1
959 255 1
960 255 1
961 255 1
962 255 1
963 255 1
964 255 1
965 255 1
966 255 1
967 255 1
968 255 1
969 255 1
970 255 1
971 255 1
972 255 1
973 255 1
974 255 1
975 255 1
976 255 1
977 255 1
978 255 1
979 255 1
980 255 1
981 255 1
982 255 1
983 255 1
984 255 1
985 255 1
986 255 1
987 255 1
988 255 1
989 255 1
990 255 1
991 255 1
992 255 1
993 255 1
994 255 1
995 255 1
996 255 1
997 255 1
998 255 1
999 255 1
1000 255 1
1001 255 1
1002 255 1
1003 255 1
1004 255 1
1005 255 1
1006 255 1
1007 255 1
1008 255 1
1009 255 1
1010 255 1
1011 255 1
1012 255 1
1013 255 1
1014 255 1
1015 255 1
1016 255 1
1017 255 1
1018 255 1
1019 255 1
1020 255 1
1021 255 1
1022 255 1
1023 255 1
1024 255 1
1025 255 1
1026 255 1
1027 255 1
1028 255 1
1029 255 1
1030 255 1
1031 255 1
1032 255 1
1033 255 1
1034 255 1
1035 255 1
1036 255 1
1037 255 1
1038 255 1
1039 255 1
1040 255 1
1041 255 1
1042 255 1
1043 255 1
1044 255 1
1045 255 1
1046 255 1
1047 255 1
1048 255 1
1049 255 1
1050 255 1
1051 255 1
1052 255 1
1053 255 1
1054 255 1
1055 255 1
1056 255 1
1057 255 1
1058 255 1
1059 255 1
1060 255 1
1061 255 1
1062 255 1
1063 255 1
1064 255 1
1065 255 1
1066 255 1
1067 255 1
1068 255 1
1069 255 1
1070 255 1
1071 255 1
1072 255 1
1073 255 1
1074 255 1
1075 255 1
1076 255 1
1077 255 1
1078 255 1
1079 255 1
1080 255 1
1081 255 1
1082 255 1
1083 255 1
1084 255 1
1085 255 1
1086 255 1
1087 255 1
1088 255 1
1089 255 1
1090 255 1
1091 255 1
1092 255 1
1093 255 1
1094 255 1
1095 255 1
1096 255 1
1097 255 1
1098 255 1
1099 255 1
1100 255 1
1101 255 1
1102 255 1
1103 255 1
1104 255 1
1105 255 1
1106 255 1
1107 255 1
1108 255 1
1109 255 1
1110 255 1
1111 255 1
1112 255 1
1113 255 1
1114 255 1
1115 255 1
1116 255 1
1117 255 1
1118 255 1
1119 255 1
1120 255 1
1121 255 1
1122 255 1
1123 255 1
1124 255 1
1125 255 1
1126 255 1
1127 255 1
1128 255 1
1129 255 1
1130 255 1
1131 255 1
1132 255 1
1133 255 1
1134 255 1
1135 255 1
1136 255 1
1137 255 1
1138 255 1
1139 255 1
1140 255 1
1141 255 1
1142 255 1
1143 255 1
1144 255 1
1145 255 1
1146 255 1
1147 255 1
1148 255 1
1149 255 1
1150 255 1
1151 255 1
1152 255 1
1153 255 1
1154 255 1
1155 255 1
1156 255 1
1157 255 1
1158 255 1
1159 255 1
1160 255 1
1161 255 1
1162 255 1
1163 255 1
1164 255 1
1165 255 1
1166 255 1
1167 255 1
1168 255 1
1169 255 1
1170 255 1
1171 255 1
1172 255 1
1173 255 1
1174 255 1
1175 255 1
1176 255 1
1177 255 1
1178 255 1
1179 255 1
1180 255 1
1181 255 1
1182 255 1
1183 255 1
1184 255 1
1185 255 1
1186 255 1
1187 255 1
1188 255 1
1189 255 1
1190 255 1
1191 255 1
1192 255 1
1193 255 1
1194 255 1
1195 255 1
1196 255 1
1197 255 1
1198 255 1
1199 255 1
1200 255 1
1201 255 1
1202 255 1
1203 255 1
1204 255 1
1205 255 1
1206 255 1
1207 255 1
1208 255 1
1209 255 1
1210 255 1
1211 255 1
1212 255 1
1213 255 1
1214 255 1
1215 255 1
1216 255 1
1217 255 1
1218 255 1
1219 255 1
1220 255 1
1221 255 1
1222 255 1
1223 255 1
1224 255 1
1225 255 1
1226 255 1
1227 255 1
1228 255 1
1229 255 1
1230 255 1
1231 255 1
1232 255 1
1233 255 1
1234 255 1
1235 255 1
1236 255 1
1237 255 1
1238 255 1
1239 255 1
1240 255 1
1241 255 1
1242 255 1
1243 255 1
1244 255 1
1245 255 1
1246 255 1
1247 255 1
1248 255 1
1249 255 1
1250 255 1
1251 255 1
1252 255 1
1253 255 1
1254 255 1
1255 255 1
1256 255 1
1257 255 1
1258 255 1
1259 255 1
1260 255 1
1261 255 1
1262 255 1
1263 255 1
1264 255 1
1265 255 1
1266 255 1
1267 255 1
1268 255 1
1269 255 1
1270 255 1
1271 255 1
1272 255 1
1273 255 1
1274 255 1
1275 255 1
1276 255 1
1277 255 1
1278 255 1
1279 255 1
1280 255 1
1281 255 1
1282 255 1
1283 255 1
1284 255 1
1285 255 1
1286 255 1
1287 255 1
1288 255 1
1289 255 1
1290 255 1
1291 255 1
1292 255 1
1293 255 1
1294 255 1
1295 255 1
1296 255 1
1297 255 1
1298 255 1
1299 255 1
1300 255 1
1301 255 1
1302 255 1
1303 255 1
1304 255 1
1305 255 1
1306 255 1
1307 255 1
1308 255 1
1309 255 1
1310 255 1
1311 255 1
1312 255 1
1313 255 1
1314 255 1
1315 255 1
1316 255 1
1317 255 1
1318 255 1
1319 255 1
1320 255 1
1321 255 1
1322 255 1
1323 255 1
1324 255 1
1325 255 1
1326 255 1
1327 255 1
1328 255 1
1329 255 1
1330 255 1
1331 255 1
1332 255 1
1333 255 1
1334 255 1
1335 255 1
1336 255 1
1337 255 1
1338 255 1
1339 255 1
1340 255 1
1341 255 1
1342 255 1
1343 255 1
1344 255 1
1345 255 1
1346 255 1
1347 255 1
1348 255 1
1349 255 1
1350 255 1
1351 255 1
1352 255 1
1353 255 1
1354 255 1
1355 255 1
1356 255 1
1357 255 1
1358 255 1
1359 255 1
1360 255 1
1361 255 1
1362 255 1
1363 255 1
1364 255 1
1365 255 1
1366 255 1
1367 255 1
1368 255 1
1369 255 1
1370 255 1
1371 255 1
1372 255 1
1373 255 1
1374 255 1
1375 255 1
1376 255 1
1377 255 1
1378 255 1
1379 255 1
1380 255 1
1381 255 1
1382 255 1
1383 255 1
1384 255 1
1385 255 1
1386 255 1
1387 255 1
1388 255 1
1389 255 1
1390 255 1
1391 255 1
1392 255 1
1393 255 1
1394 255 1
1395 255 1
1396 255 1
1397 255 1
1398 255 1
1399 255 1
1400 255 1
1401 255 1
1402 255 1
1403 255 1
1404 255 1
1405 255 1
1406 255 1
1407 255 1
1408 255 1
1409 255 1
1410 255 1
1411 255 1
1412 255 1
1413 255 1
1414 255 1
1415 255 1
1416 255 1
1417 255 1
1418 255 1
1419 255 1
1420 255 1
1421 255 1
1422 255 1
1423 255 1
1424 255 1
1425 255 1
1426 255 1
1427 255 1
1428 255 1
1429 255 1
1430 255 1
1431 255 1
1432 255 1
1433 255 1
1434 255 1
1435 255 1
1436 255 1
1437 255 1
1438 255 1
1439 255 1
1440 255 1
1441 255 1
1442 255 1
1443 255 1
1444 255 1
1445 255 1
1446 255 1
1447 255 1
1448 255 1
1449 255 1
1450 255 1
1451 255 1
1452 255 1
1453 255 1
1454 255 1
1455 255 1
1456 255 1
1457 255 1
1458 255 1
1459 255 1
1460 255 1
1461 255 1
1462 255 1
1463 255 1
1464 255 1
1465 255 1
1466 255 1
1467 255 1
1468 255 1
1469 255 1
1470 255 1
1471 255 1
1472 255 1
1473 255 1
1474 255 1
1475 255 1
1476 255 1
1477 255 1
1478 255 1
1479 255 1
1480 255 1
1481 255 1
1482 255 1
1483 255 1
1484 255 1
1485 255 1
1486 255 1
1487 255 1
1488 255 1
1489 255 1
1490 255 1
1491 255 1
1492 255 1
1493 255 1
1494 255 1
1495 255 1
1496 255 1
1497 255 1
1498 255 1
1499 255 1
1500 255 1
1501 255 1
1502 255 1
1503 255 1
1504 255 1
1505 255 1
1506 255 1
1507 255 1
1508 255 1
1509 255 1
1510 255 1
1511 255 1
1512 255 1
1513 255 1
1514 255 1
1515 255 1
1516 255 1
1517 255 1
1518 255 1
1519 255 1
1520 255 1
1521 255 1
1522 255 1
1523 255 1
1524 255 1
1525 255 1
1526 255 1
1527 255 1
1528 255 1
1529 255 1
1530 255 1
1531 255 1
1532 255 1
1533 255 1
1534 255 1
1535 255 1
1536 255 1
1537 255 1
1538 255 1
1539 255 1
1540 255 1
1541 255 1
1542 255 1
1543 255 1
1544 255 1
1545 255 1
1546 255 1
1547 255 1
1548 255 1
1549 255 1
1550 255 1
1551 255 1
1552 255 1
1553 255 1
1554 255 1
1555 255 1
1556 255 1
1557 255 1
1558 255 1
1559 255 1
1560 255 1
1561 255 1
1562 255 1
1563 255 1
1564 255 1
1565 255 1
1566 255 1
1567 255 1
1568 255 1
1569 255 1
1570 255 1
1571 255 1
1572 255 1
1573 255 1
1574 255 1
1575 255 1
1576 255 1
1577 255 1
1578 255 1
1579 255 1
1580 255 1
1581 255 1
1582 255 1
1583 255 1
1584 255 1
1585 255 1
1586 255 1
1587 255 1
1588 255 1
1589 255 1
1590 255 1
1591 255 1
1592 255 1
1593 255 1
1594 255 1
1595 255 1
1596 255 1
1597 255 1
1598 255 1
1599 255 1
1600 255 1
1601 255 1
1602 255 1
1603 255 1
1604 255 1
1605 255 1
1606 255 1
1607 255 1
1608 255 1
1609 255 1
1610 255 1
1611 255 1
1612 255 1
1613 255 1
1614 255 1
1615 255 1
1616 255 1
1617 255 1
1618 255 1
1619 255 1
1620 255 1
1621 255 1
1622 255 1
1623 255 1
1624 255 1
1625 255 1
1626 255 1
1627 255 1
1628 255 1
1629 255 1
1630 255 1
1631 255 1
1632 255 1
1633 255 1
1634 255 1
1635 255 1
1636 255 1
1637 255 1
1638 255 1
1639 255 1
1640 255 1
1641 255 1
1642 255 1
1643 255 1
1644 255 1
1645 255 1
1646 255 1
1647 255 1
1648 255 1
1649 255 1
1650 255 1
1651 255 1
1652 255 1
1653 255 1
1654 255 1
1655 255 1
1656 255 1
1657 255 1
1658 255 1
1659 255 1
1660 255 1
1661 255 1
1662 255 1
1663 255 1
1664 255 1
1665 255 1
1666 255 1
1667 255 1
1668 255 1
1669 255 1
1670 255 1
1671 255 1
1672 255 1
1673 255 1
1674 255 1
1675 255 1
1676 255 1
1677 255 1
1678 255 1
1679 255 1
1680 255 1
1681 255 1
1682 255 1
1683 255 1
1684 255 1
1685 255 1
1686 255 1
1687 255 1
1688 255 1
1689 255 1
1690 255 1
1691 255 1
1692 255 1
1693 255 1
1694 255 1
1695 255 1
1696 255 1
1697 255 1
1698 255 1
1699 255 1
1700 255 1
1701 255 1
1702 255 1
1703 255 1
1704 255 1
1705 255 1
1706 255 1
1707 255 1
1708 255 1
1709 255 1
1710 255 1
1711 255 1
1712 255 1
1713 255 1
1714 255 1
1715 255 1
1716 255 1
1717 255 1
1718 255 1
1719 255 1
1720 255 1
1721 255 1
1722 255 1
1723 255 1
1724 255 1
1725 255 1
1726 255 1
1727 255 1
1728 255 1
1729 255 1
1730 255 1
1731 255 1
1732 255 1
1733 255 1
1734 255 1
1735 255 1
1736 255 1
1737 255 1
1738 255 1
1739 255 1
1740 255 1
1741 255 1
1742 255 1
1743 255 1
1744 255 1
1745 255 1
1746 255 1
1747 255 1
1748 255 1
1749 255 1
1750 255 1
1751 255 1
1752 255 1
1753 255 1
1754 255 1
1755 255 1
1756 255 1
1757 255 1
1758 255 1
1759 255 1
1760 255 1
1761 255 1
1762 255 1
1763 255 1
1764 255 1
1765 255 1
1766 255 1
1767 255 1
1768 255 1
1769 255 1
1770 255 1
1771 255 1
1772 255 1
1773 255 1
1774 255 1
1775 255 1
1776 255 1
1777 255 1
1778 255 1
1779 255 1
1780 255 1
1781 255 1
1782 255 1
1783 255 1
1784 255 1
1785 255 1
1786 255 1
1787 255 1
1788 255 1
1789 255 1
1790 255 1
1791 255 1
1792 255 1
1793 255 1
1794 255 1
1795 255 1
1796 255 1
1797 255 1
1798 255 1
1799 255 1
1800 255 1
1801 255 1
1802 255 1
1803 255 1
1804 255 1
1805 255 1
1806 255 1
1807 255 1
1808 255 1
1809 255 1
1810 255 1
1811 255 1
1812 255 1
1813 255 1
1814 255 1
1815 255 1
1816 255 1
1817 255 1
1818 255 1
1819 255 1
1820 255 1
1821 255 1
1822 255 1
1823 255 1
1824 255 1
1825 255 1
1826 255 1
1827 255 1
1828 255 1
1829 255 1
1830 255 1
1831 255 1
1832 255 1
1833 255 1
1834 255 1
1835 255 1
1836 255 1
1837 255 1
1838 255 1
1839 255 1
1840 255 1
1841 255 1
1842 255 1
1843 255 1
1844 255 1
1845 255 1
1846 255 1
1847 255 1
1848 255 1
1849 255 1
1850 255 1
1851 255 1
1852 255 1
1853 255 1
1854 255 1
1855 255 1
1856 255 1
1857 255 1
1858 255 1
1859 255 1
1860 255 1
1861 255 1
1862 255 1
1863 255 1
1864 255 1
1865 255 1
1866 255 1
1867 255 1
1868 255 1
1869 255 1
1870 255 1
1871 255 1
1872 255 1
1873 255 1
1874 255 1
1875 255 1
1876 255 1
1877 255 1
1878 255 1
1879 255 1
1880 255 1
1881 255 1
1882 255 1
1883 255 1
1884 255 1
1885 255 1
1886 255 1
1887 255 1
1888 255 1
1889 255 1
1890 255 1
1891 255 1
1892 255 1
1893 255 1
1894 255 1
1895 255 1
1896 255 1
1897 255 1
1898 255 1
1899 255 1
1900 255 1
1901 255 1
1902 255 1
1903 255 1
1904 255 1
1905 255 1
1906 255 1
1907 255 1
1908 255 1
1909 255 1
1910 255 1
1911 255 1
1912 255 1
1913 255 1
1914 255 1
1915 255 1
1916 255 1
1917 255 1
1918 255 1
1919 255 1
1920 255 1
1921 255 1
1922 255 1
1923 255 1
1924 255 1
1925 255 1
1926 255 1
1927 255 1
1928 255 1
1929 255 1
1930 255 1
1931 255 1
1932 255 1
1933 255 1
1934 255 1
1935 255 1
1936 255 1
1937 255 1
1938 255 1
1939 255 1
1940 255 1
1941 255 1
1942 255 1
1943 255 1
1944 255 1
1945 255 1
1946 255 1
1947 255 1
1948 255 1
1949 255 1
1950 255 1
1951 255 1
1952 255 1
1953 255 1
1954 255 1
1955 255 1
1956 255 1
1957 255 1
1958 255 1
1959 255 1
1960 255 1
1961 255 1
1962 255 1
1963 255 1
1964 255 1
1965 255 1
1966 255 1
1967 255 1
1968 255 1
1969 255 1
1970 255 1
1971 255 1
1972 255 1
1973 255 1
1974 255 1
1975 255 1
1976 255 1
1977 255 1
1978 255 1
1979 255 1
1980 255 1
1981 255 1
1982 255 1
1983 255 1
1984 255 1
1985 255 1
1986 255 1
1987 255 1
1988 255 1
1989 255 1
1990 255 1
1991 255 1
1992 255 1
1993 255 1
1994 255 1
1995 255 1
1996 255 1
1997 255 1
1998 255 1
1999 255 1
2000 255 1
2001 255 1
2002 255 1
2003 255 1
2004 255 1
2005 255 1
2006 255 1
2007 255 1
2008 255 1
2009 255 1
2010 255 1
2011 255 1
2012 255 1
2013 255 1
2014 255 1
2015 255 1
2016 255 1
2017 255 1
2018 255 1
2019 255 1
2020 255 1
2021 255 1
2022 255 1
2023 255 1
2024 255 1
2025 255 1
2026 255 1
2027 255 1
2028 255 1
2029 255 1
2030 255 1
2031 255 1
2032 255 1
2033 255 1
2034 255 1
2035 255 1
2036 255 1
2037 255 1
2038 255 1
2039 255 1
2040 255 1
2041 255 1
2042 255 1
2043 255 1
2044 255 1
2045 255 1
2046 255 1
2047 255 1
2047 0 1
2047 1 1
2047 2 1
2047 3 1
2047 4 1
2047 5 1
2047 6 1
2047 7 1
2047 8 1
2047 9 1
2047 10 1
2047 11 1
2047 12 1
2047 13 1
2047 14 1
2047 15 1
2047 16 1
2047 17 1
2047 18 1
2047 19 1
2047 20 1
2047 21 1
2047 22 1
2047 23 1
2047 24 1
2047 25 1
2047 26 1
2047 27 1
2047 28 1
2047 29 1
2047 30 1
2047 31 1
2047 32 1
2047 33 1
2047 34 1
2047 35 1
2047 36 1
2047 37 1
2047 38 1
2047 39 1
2047 40 1
2047 41 1
2047 42 1
2047 43 1
2047 44 1
2047 45 1
2047 46 1
2047 47 1
2047 48 1
2047 49 1
2047 50 1
2047 51 1
2047 52 1
2047 53 1
2047 54 1
2047 55 1
2047 56 1
2047 57 1
2047 58 1
2047 59 1
2047 60 1
2047 61 1
2047 62 1
2047 63 1
2047 64 1
2047 65 1
2047 66 1
2047 67 1
2047 68 1
2047 69 1
2047 70 1
2047 71 1
2047 72 1
2047 73 1
2047 74 1
2047 75 1
2047 76 1
2047 77 1
2047 78 1
2047 79 1
2047 80 1
2047 81 1
2047 82 1
2047 83 1
2047 84 1
2047 85 1
2047 86 1
2047 87 1
2047 88 1
2047 89 1
2047 90 1
2047 91 1
2047 92 1
2047 93 1
2047 94 1
2047 95 1
2047 96 1
2047 97 1
2047 98 1
2047 99 1
2047 100 1
2047 101 1
2047 102 1
2047 103 1
2047 104 1
2047 105 1
2047 106 1
2047 107 1
2047 108 1
2047 109 1
2047 110 1
2047 111 1
2047 112 1
2047 113 1
2047 114 1
2047 115 1
2047 116 1
2047 117 1
2047 118 1
2047 119 1
2047 120 1
2047 121 1
2047 122 1
2047 123 1
2047 124 1
2047 125 1
2047 126 1
2047 127 1
2047 128 1
2047 129 1
2047 130 1
2047 131 1
2047 132 1
2047 133 1
2047 134 1
2047 135 1
2047 136 1
2047 137 1
2047 138 1
2047 139 1
2047 140 1
2047 141 1
2047 142 1
2047 143 1
2047 144 1
2047 145 1
2047 146 1
2047 147 1
2047 148 1
2047 149 1
2047 150 1
2047 151 1
2047 152 1
2047 153 1
2047 154 1
2047 155 1
2047 156 1
2047 157 1
2047 158 1
2047 159 1
2047 160 1
2047 161 1
2047 162 1
2047 163 1
2047 164 1
2047 165 1
2047 166 1
2047 167 1
2047 168 1
2047 169 1
2047 170 1
2047 171 1
2047 172 1
2047 173 1
2047 174 1
2047 175 1
2047 176 1
2047 177 1
2047 178 1
2047 179 1
2047 180 1
2047 181 1
2047 182 1
2047 183 1
2047 184 1
2047 185 1
2047 186 1
2047 187 1
2047 188 1
2047 189 1
2047 190 1
2047 191 1
2047 192 1
2047 193 1
2047 194 1
2047 195 1
2047 196 1
2047 197 1
2047 198 1
2047 199 1
2047 200 1
2047 201 1
2047 202 1
2047 203 1
2047 204 1
2047 205 1
2047 206 1
2047 207 1
2047 208 1
2047 209 1
2047 210 1
2047 211 1
2047 212 1
2047 213 1
2047 214 1
2047 215 1
2047 216 1
2047 217 1
2047 218 1
2047 219 1
2047 220 1
2047 221 1
2047 222 1
2047 223 1
2047 224 1
2047 225 1
2047 226 1
2047 227 1
2047 228 1
2047 229 1
2047 230 1
2047 231 1
2047 232 1
2047 233 1
2047 234 1
2047 235 1
2047 236 1
2047 237 1
2047 238 1
2047 239 1
2047 240 1
2047 241 1
2047 242 1
2047 243 1
2047 244 1
2047 245 1
2047 246 1
2047 247 1
2047 248 1
2047 249 1
2047 250 1
2047 251 1
2047 252 1
2047 253 1
2047 254 1
2047 255 1
0 0 1
0 1 1
0 2 1
0 3 1
0 4 1
0 5 1
0 6 1
0 7 1
0 8 1
0 9 1
0 10 1
0 11 1
0 12 1
0 13 1
0 14 1
0 15 1
0 16 1
0 17 1
0 18 1
0 19 1
0 20 1
0 21 1
0 22 1
0 23 1
0 24 1
0 25 1
0 26 1
0 27 1
0 28 1
0 29 1
0 30 1
0 31 1
0 32 1
0 33 1
0 34 1
0 35 1
0 36 1
0 37 1
0 38 1
0 39 1
0 40 1
0 41 1
0 42 1
0 43 1
0 44 1
0 45 1
0 46 1
0 47 1
0 48 1
0 49 1
0 50 1
0 51 1
0 52 1
0 53 1
0 54 1
0 55 1
0 56 1
0 57 1
0 58 1
0 59 1
0 60 1
0 61 1
0 62 1
0 63 1
0 64 1
0 65 1
0 66 1
0 67 1
0 68 1
0 69 1
0 70 1
0 71 1
0 72 1
0 73 1
0 74 1
0 75 1
0 76 1
0 77 1
0 78 1
0 79 1
0 80 1
0 81 1
0 82 1
0 83 1
0 84 1
0 85 1
0 86 1
0 87 1
0 88 1
0 89 1
0 90 1
0 91 1
0 92 1
0 93 1
0 94 1
0 95 1
0 96 1
0 97 1
0 98 1
0 99 1
0 100 1
0 101 1
0 102 1
0 103 1
0 104 1
0 105 1
0 106 1
0 107 1
0 108 1
0 109 1
0 110 1
0 111 1
0 112 1
0 113 1
0 114 1
0 115 1
0 116 1
0 117 1
0 118 1
0 119 1
0 120 1
0 121 1
0 122 1
0 123 1
0 124 1
0 125 1
0 126 1
0 127 1
0 128 1
0 129 1
0 130 1
0 131 1
0 132 1
0 133 1
0 134 1
0 135 1
0 136 1
0 137 1
0 138 1
0 139 1
0 140 1
0 141 1
0 142 1
0 143 1
0 144 1
0 145 1
0 146 1
0 147 1
0 148 1
0 149 1
0 150 1
0 151 1
0 152 1
0 153 1
0 154 1
0 155 1
0 156 1
0 157 1
0 158 1
0 159 1
0 160 1
0 161 1
0 162 1
0 163 1
0 164 1
0 165 1
0 166 1
0 167 1
0 168 1
0 169 1
0 170 1
0 171 1
0 172 1
0 173 1
0 174 1
0 175 1
0 176 1
0 177 1
0 178 1
0 179 1
0 180 1
0 181 1
0 182 1
0 183 1
0 184 1
0 185 1
0 186 1
0 187 1
0 188 1
0 189 1
0 190 1
0 191 1
0 192 1
0 193 1
0 194 1
0 195 1
0 196 1
0 197 1
0 198 1
0 199 1
0 200 1
0 201 1
0 202 1
0 203 1
0 204 1
0 205 1
0 206 1
0 207 1
0 208 1
0 209 1
0 210 1
0 211 1
0 212 1
0 213 1
0 214 1
0 215 1
0 216 1
0 217 1
0 218 1
0 219 1
0 220 1
0 221 1
0 222 1
0 223 1
0 224 1
0 225 1
0 226 1
0 227 1
0 228 1
0 229 1
0 230 1
0 231 1
0 232 1
0 233 1
0 234 1
0 235 1
0 236 1
0 237 1
0 238 1
0 239 1
0 240 1
0 241 1
0 242 1
0 243 1
0 244 1
0 245 1
0 246 1
0 247 1
0 248 1
0 249 1
0 250 1
0 251 1
0 252 1
0 253 1
0 254 1
0 255 1
512 0 1
512 1 1
512 2 1
512 3 1
512 4 1
512 5 1
512 6 1
512 7 1
512 8 1
512 9 1
512 10 1
512 11 1
512 12 1
512 13 1
512 14 1
512 15 1
512 16 1
512 17 1
512 18 1
512 19 1
512 20 1
512 21 1
512 22 1
512 23 1
512 24 1
512 25 1
512 26 1
512 27 1
512 28 1
512 29 1
512 30 1
512 31 1
512 32 1
512 33 1
512 34 1
512 35 1
512 36 1
512 37 1
512 38 1
512 39 1
512 40 1
512 41 1
512 42 1
512 43 1
512 44 1
512 45 1
512 46 1
512 47 1
512 48 1
512 49 1
512 50 1
512 51 1
512 52 1
512 53 1
512 54 1
512 55 1
512 56 1
512 57 1
512 58 1
512 59 1
512 60 1
512 61 1
512 62 1
512 63 1
512 64 1
512 65 1
512 66 1
512 67 1
512 68 1
512 69 1
512 70 1
512 71 1
512 72 1
512 73 1
512 74 1
512 75 1
512 76 1
512 77 1
512 78 1
512 79 1
512 80 1
512 81 1
512 82 1
512 83 1
512 84 1
512 85 1
512 86 1
512 87 1
512 88 1
512 89 1
512 90 1
512 91 1
512 92 1
512 93 1
512 94 1
512 95 1
512 96 1
512 97 1
512 98 1
512 99 1
512 100 1
512 101 1
512 102 1
512 103 1
512 104 1
512 105 1
512 106 1
512 107 1
512 108 1
512 109 1
512 110 1
512 111 1
512 112 1
512 113 1
512 114 1
512 115 1
512 116 1
512 117 1
512 118 1
512 119 1
512 120 1
512 121 1
512 122 1
512 123 1
512 124 1
512 125 1
512 126 1
512 127 1
512 128 1
512 129 1
512 130 1
512 131 1
512 132 1
512 133 1
512 134 1
512 135 1
512 136 1
512 137 1
512 138 1
512 139 1
512 140 1
512 141 1
512 142 1
512 143 1
512 144 1
512 145 1
512 146 1
512 147 1
512 148 1
512 149 1
512 150 1
512 151 1
512 152 1
512 153 1
512 154 1
512 155 1
512 156 1
512 157 1
512 158 1
512 159 1
512 160 1
512 161 1
512 162 1
512 163 1
512 164 1
512 165 1
512 166 1
512 167 1
512 168 1
512 169 1
512 170 1
512 171 1
512 172 1
512 173 1
512 174 1
512 175 1
512 176 1
512 177 1
512 178 1
512 179 1
512 180 1
512 181 1
512 182 1
512 183 1
512 184 1
512 185 1
512 186 1
512 187 1
512 188 1
512 189 1
512 190 1
512 191 1
512 192 1
512 193 1
512 194 1
512 195 1
512 196 1
512 197 1
512 198 1
512 199 1
512 200 1
512 201 1
512 202 1
512 203 1
512 204 1
512 205 1
512 206 1
512 207 1
512 208 1
512 209 1
512 210 1
512 211 1
512 212 1
512 213 1
512 214 1
512 215 1
512 216 1
512 217 1
512 218 1
512 219 1
512 220 1
512 221 1
512 222 1
512 223 1
512 224 1
512 225 1
512 226 1
512 227 1
512 228 1
512 229 1
512 230 1
512 231 1
512 232 1
512 233 1
512 234 1
512 235 1
512 236 1
512 237 1
512 238 1
512 239 1
512 240 1
512 241 1
512 242 1
512 243 1
512 244 1
512 245 1
512 246 1
512 247 1
512 248 1
512 249 1
512 250 1
512 251 1
512 252 1
512 253 1
512 254 1
512 255 1
1024 0 1
1024 1 1
1024 2 1
1024 3 1
1024 4 1
1024 5 1
1024 6 1
1024 7 1
1024 8 1
1024 9 1
1024 10 1
1024 11 1
1024 12 1
1024 13 1
1024 14 1
1024 15 1
1024 16 1
1024 17 1
1024 18 1
1024 19 1
1024 20 1
1024 21 1
1024 22 1
1024 23 1
1024 24 1
1024 25 1
1024 26 1
1024 27 1
1024 28 1
1024 29 1
1024 30 1
1024 31 1
1024 32 1
1024 33 1
1024 34 1
1024 35 1
1024 36 1
1024 37 1
1024 38 1
1024 39 1
1024 40 1
1024 41 1
1024 42 1
1024 43 1
1024 44 1
1024 45 1
1024 46 1
1024 47 1
1024 48 1
1024 49 1
1024 50 1
1024 51 1
1024 52 1
1024 53 1
1024 54 1
1024 55 1
1024 56 1
1024 57 1
1024 58 1
1024 59 1
1024 60 1
1024 61 1
1024 62 1
1024 63 1
1024 64 1
1024 65 1
1024 66 1
1024 67 1
1024 68 1
1024 69 1
1024 70 1
1024 71 1
1024 72 1
1024 73 1
1024 74 1
1024 75 1
1024 76 1
1024 77 1
1024 78 1
1024 79 1
1024 80 1
1024 81 1
1024 82 1
1024 83 1
1024 84 1
1024 85 1
1024 86 1
1024 87 1
1024 88 1
1024 89 1
1024 90 1
1024 91 1
1024 92 1
1024 93 1
1024 94 1
1024 95 1
1024 96 1
1024 97 1
1024 98 1
1024 99 1
1024 100 1
1024 101 1
1024 102 1
1024 103 1
1024 104 1
1024 105 1
1024 106 1
1024 107 1
1024 108 1
1024 109 1
1024 110 1
1024 111 1
1024 112 1
1024 113 1
1024 114 1
1024 115 1
1024 116 1
1024 117 1
1024 118 1
1024 119 1
1024 120 1
1024 121 1
1024 122 1
1024 123 1
1024 124 1
1024 125 1
1024 126 1
1024 127 1
1024 128 1
1024 129 1
1024 130 1
1024 131 1
1024 132 1
1024 133 1
1024 134 1
1024 135 1
1024 136 1
1024 137 1
1024 138 1
1024 139 1
1024 140 1
1024 141 1
1024 142 1
1024 143 1
1024 144 1
1024 145 1
1024 146 1
1024 147 1
1024 148 1
1024 149 1
1024 150 1
1024 151 1
1024 152 1
1024 153 1
1024 154 1
1024 155 1
1024 156 1
1024 157 1
1024 158 1
1024 159 1
1024 160 1
1024 161 1
1024 162 1
1024 163 1
1024 164 1
1024 165 1
1024 166 1
1024 167 1
1024 168 1
1024 169 1
1024 170 1
1024 171 1
1024 172 1
1024 173 1
1024 174 1
1024 175 1
1024 176 1
1024 177 1
1024 178 1
1024 179 1
1024 180 1
1024 181 1
1024 182 1
1024 183 1
1024 184 1
1024 185 1
1024 186 1
1024 187 1
1024 188 1
1024 189 1
1024 190 1
1024 191 1
1024 192 1
1024 193 1
1024 194 1
1024 195 1
1024 196 1
1024 197 1
1024 198 1
1024 199 1
1024 200 1
1024 201 1
1024 202 1
1024 203 1
1024 204 1
1024 205 1
1024 206 1
1024 207 1
1024 208 1
1024 209 1
1024 210 1
1024 211 1
1024 212 1
1024 213 1
1024 214 1
1024 215 1
1024 216 1
1024 217 1
1024 218 1
1024 219 1
1024 220 1
1024 221 1
1024 222 1
1024 223 1
1024 224 1
1024 225 1
1024 226 1
1024 227 1
1024 228 1
1024 229 1
1024 230 1
1024 231 1
1024 232 1
1024 233 1
1024 234 1
1024 235 1
1024 236 1
1024 237 1
1024 238 1
1024 239 1
1024 240 1
1024 241 1
1024 242 1
1024 243 1
1024 244 1
1024 245 1
1024 246 1
1024 247 1
1024 248 1
1024 249 1
1024 250 1
1024 251 1
1024 252 1
1024 253 1
1024 254 1
1024 255 1
