0 0 1
1 0 1
2 0 1
3 0 1
4 0 1
5 0 1
6 0 1
7 0 1
8 0 1
9 0 1
10 0 1
11 0 1
12 0 1
13 0 1
14 0 1
15 0 1
16 0 1
17 0 1
18 0 1
19 0 1
20 0 1
21 0 1
22 0 1
23 0 1
24 0 1
25 0 1
26 0 1
27 0 1
28 0 1
29 0 1
30 0 1
31 0 1
32 0 1
33 0 1
34 0 1
35 0 1
36 0 1
37 0 1
38 0 1
39 0 1
40 0 1
41 0 1
42 0 1
43 0 1
44 0 1
45 0 1
46 0 1
47 0 1
48 0 1
49 0 1
50 0 1
51 0 1
52 0 1
53 0 1
54 0 1
55 0 1
56 0 1
57 0 1
58 0 1
59 0 1
60 0 1
61 0 1
62 0 1
63 0 1
64 0 1
65 0 1
66 0 1
67 0 1
68 0 1
69 0 1
70 0 1
71 0 1
72 0 1
73 0 1
74 0 1
75 0 1
76 0 1
77 0 1
78 0 1
79 0 1
80 0 1
81 0 1
82 0 1
83 0 1
84 0 1
85 0 1
86 0 1
87 0 1
88 0 1
89 0 1
90 0 1
91 0 1
92 0 1
93 0 1
94 0 1
95 0 1
96 0 1
97 0 1
98 0 1
99 0 1
100 0 1
101 0 1
102 0 1
103 0 1
104 0 1
105 0 1
106 0 1
107 0 1
108 0 1
109 0 1
110 0 1
111 0 1
112 0 1
113 0 1
114 0 1
115 0 1
116 0 1
117 0 1
118 0 1
119 0 1
120 0 1
121 0 1
122 0 1
123 0 1
124 0 1
125 0 1
126 0 1
127 0 1
128 0 1
129 0 1
130 0 1
131 0 1
132 0 1
133 0 1
134 0 1
135 0 1
136 0 1
137 0 1
138 0 1
139 0 1
140 0 1
141 0 1
142 0 1
143 0 1
144 0 1
145 0 1
146 0 1
147 0 1
148 0 1
149 0 1
150 0 1
151 0 1
152 0 1
153 0 1
154 0 1
155 0 1
156 0 1
157 0 1
158 0 1
159 0 1
160 0 1
161 0 1
162 0 1
163 0 1
164 0 1
165 0 1
166 0 1
167 0 1
168 0 1
169 0 1
170 0 1
171 0 1
172 0 1
173 0 1
174 0 1
175 0 1
176 0 1
177 0 1
178 0 1
179 0 1
180 0 1
181 0 1
182 0 1
183 0 1
184 0 1
185 0 1
186 0 1
187 0 1
188 0 1
189 0 1
190 0 1
191 0 1
192 0 1
193 0 1
194 0 1
195 0 1
196 0 1
197 0 1
198 0 1
199 0 1
200 0 1
201 0 1
202 0 1
203 0 1
204 0 1
205 0 1
206 0 1
207 0 1
208 0 1
209 0 1
210 0 1
211 0 1
212 0 1
213 0 1
214 0 1
215 0 1
216 0 1
217 0 1
218 0 1
219 0 1
220 0 1
221 0 1
222 0 1
223 0 1
224 0 1
225 0 1
226 0 1
227 0 1
228 0 1
229 0 1
230 0 1
231 0 1
232 0 1
233 0 1
234 0 1
235 0 1
236 0 1
237 0 1
238 0 1
239 0 1
240 0 1
241 0 1
242 0 1
243 0 1
244 0 1
245 0 1
246 0 1
247 0 1
248 0 1
249 0 1
250 0 1
251 0 1
252 0 1
253 0 1
254 0 1
255 0 1
256 0 1
257 0 1
258 0 1
259 0 1
260 0 1
261 0 1
262 0 1
263 0 1
264 0 1
265 0 1
266 0 1
267 0 1
268 0 1
269 0 1
270 0 1
271 0 1
272 0 1
273 0 1
274 0 1
275 0 1
276 0 1
277 0 1
278 0 1
279 0 1
280 0 1
281 0 1
282 0 1
283 0 1
284 0 1
285 0 1
286 0 1
287 0 1
288 0 1
289 0 1
290 0 1
291 0 1
292 0 1
293 0 1
294 0 1
295 0 1
296 0 1
297 0 1
298 0 1
299 0 1
300 0 1
301 0 1
302 0 1
303 0 1
304 0 1
305 0 1
306 0 1
307 0 1
308 0 1
309 0 1
310 0 1
311 0 1
312 0 1
313 0 1
314 0 1
315 0 1
316 0 1
317 0 1
318 0 1
319 0 1
320 0 1
321 0 1
322 0 1
323 0 1
324 0 1
325 0 1
326 0 1
327 0 1
328 0 1
329 0 1
330 0 1
331 0 1
332 0 1
333 0 1
334 0 1
335 0 1
336 0 1
337 0 1
338 0 1
339 0 1
340 0 1
341 0 1
342 0 1
343 0 1
344 0 1
345 0 1
346 0 1
347 0 1
348 0 1
349 0 1
350 0 1
351 0 1
352 0 1
353 0 1
354 0 1
355 0 1
356 0 1
357 0 1
358 0 1
359 0 1
360 0 1
361 0 1
362 0 1
363 0 1
364 0 1
365 0 1
366 0 1
367 0 1
368 0 1
369 0 1
370 0 1
371 0 1
372 0 1
373 0 1
374 0 1
375 0 1
376 0 1
377 0 1
378 0 1
379 0 1
380 0 1
381 0 1
382 0 1
383 0 1
384 0 1
385 0 1
386 0 1
387 0 1
388 0 1
389 0 1
390 0 1
391 0 1
392 0 1
393 0 1
394 0 1
395 0 1
396 0 1
397 0 1
398 0 1
399 0 1
400 0 1
401 0 1
402 0 1
403 0 1
404 0 1
405 0 1
406 0 1
407 0 1
408 0 1
409 0 1
410 0 1
411 0 1
412 0 1
413 0 1
414 0 1
415 0 1
416 0 1
417 0 1
418 0 1
419 0 1
420 0 1
421 0 1
422 0 1
423 0 1
424 0 1
425 0 1
426 0 1
427 0 1
428 0 1
429 0 1
430 0 1
431 0 1
432 0 1
433 0 1
434 0 1
435 0 1
436 0 1
437 0 1
438 0 1
439 0 1
440 0 1
441 0 1
442 0 1
443 0 1
444 0 1
445 0 1
446 0 1
447 0 1
448 0 1
449 0 1
450 0 1
451 0 1
452 0 1
453 0 1
454 0 1
455 0 1
456 0 1
457 0 1
458 0 1
459 0 1
460 0 1
461 0 1
462 0 1
463 0 1
464 0 1
465 0 1
466 0 1
467 0 1
468 0 1
469 0 1
470 0 1
471 0 1
472 0 1
473 0 1
474 0 1
475 0 1
476 0 1
477 0 1
478 0 1
479 0 1
480 0 1
481 0 1
482 0 1
483 0 1
484 0 1
485 0 1
486 0 1
487 0 1
488 0 1
489 0 1
490 0 1
491 0 1
492 0 1
493 0 1
494 0 1
495 0 1
496 0 1
497 0 1
498 0 1
499 0 1
500 0 1
501 0 1
502 0 1
503 0 1
504 0 1
505 0 1
506 0 1
507 0 1
508 0 1
509 0 1
510 0 1
511 0 1
512 0 1
513 0 1
514 0 1
515 0 1
516 0 1
517 0 1
518 0 1
519 0 1
520 0 1
521 0 1
522 0 1
523 0 1
524 0 1
525 0 1
526 0 1
527 0 1
528 0 1
529 0 1
530 0 1
531 0 1
532 0 1
533 0 1
534 0 1
535 0 1
536 0 1
537 0 1
538 0 1
539 0 1
540 0 1
541 0 1
542 0 1
543 0 1
544 0 1
545 0 1
546 0 1
547 0 1
548 0 1
549 0 1
550 0 1
551 0 1
552 0 1
553 0 1
554 0 1
555 0 1
556 0 1
557 0 1
558 0 1
559 0 1
560 0 1
561 0 1
562 0 1
563 0 1
564 0 1
565 0 1
566 0 1
567 0 1
568 0 1
569 0 1
570 0 1
571 0 1
572 0 1
573 0 1
574 0 1
575 0 1
576 0 1
577 0 1
578 0 1
579 0 1
580 0 1
581 0 1
582 0 1
583 0 1
584 0 1
585 0 1
586 0 1
587 0 1
588 0 1
589 0 1
590 0 1
591 0 1
592 0 1
593 0 1
594 0 1
595 0 1
596 0 1
597 0 1
598 0 1
599 0 1
600 0 1
601 0 1
602 0 1
603 0 1
604 0 1
605 0 1
606 0 1
607 0 1
608 0 1
609 0 1
610 0 1
611 0 1
612 0 1
613 0 1
614 0 1
615 0 1
616 0 1
617 0 1
618 0 1
619 0 1
620 0 1
621 0 1
622 0 1
623 0 1
624 0 1
625 0 1
626 0 1
627 0 1
628 0 1
629 0 1
630 0 1
631 0 1
632 0 1
633 0 1
634 0 1
635 0 1
636 0 1
637 0 1
638 0 1
639 0 1
640 0 1
641 0 1
642 0 1
643 0 1
644 0 1
645 0 1
646 0 1
647 0 1
648 0 1
649 0 1
650 0 1
651 0 1
652 0 1
653 0 1
654 0 1
655 0 1
656 0 1
657 0 1
658 0 1
659 0 1
660 0 1
661 0 1
662 0 1
663 0 1
664 0 1
665 0 1
666 0 1
667 0 1
668 0 1
669 0 1
670 0 1
671 0 1
672 0 1
673 0 1
674 0 1
675 0 1
676 0 1
677 0 1
678 0 1
679 0 1
680 0 1
681 0 1
682 0 1
683 0 1
684 0 1
685 0 1
686 0 1
687 0 1
688 0 1
689 0 1
690 0 1
691 0 1
692 0 1
693 0 1
694 0 1
695 0 1
696 0 1
697 0 1
698 0 1
699 0 1
700 0 1
701 0 1
702 0 1
703 0 1
704 0 1
705 0 1
706 0 1
707 0 1
708 0 1
709 0 1
710 0 1
711 0 1
712 0 1
713 0 1
714 0 1
715 0 1
716 0 1
717 0 1
718 0 1
719 0 1
720 0 1
721 0 1
722 0 1
723 0 1
724 0 1
725 0 1
726 0 1
727 0 1
728 0 1
729 0 1
730 0 1
731 0 1
732 0 1
733 0 1
734 0 1
735 0 1
736 0 1
737 0 1
738 0 1
739 0 1
740 0 1
741 0 1
742 0 1
743 0 1
744 0 1
745 0 1
746 0 1
747 0 1
748 0 1
749 0 1
750 0 1
751 0 1
752 0 1
753 0 1
754 0 1
755 0 1
756 0 1
757 0 1
758 0 1
759 0 1
760 0 1
761 0 1
762 0 1
763 0 1
764 0 1
765 0 1
766 0 1
767 0 1
768 0 1
769 0 1
770 0 1
771 0 1
772 0 1
773 0 1
774 0 1
775 0 1
776 0 1
777 0 1
778 0 1
779 0 1
780 0 1
781 0 1
782 0 1
783 0 1
784 0 1
785 0 1
786 0 1
787 0 1
788 0 1
789 0 1
790 0 1
791 0 1
792 0 1
793 0 1
794 0 1
795 0 1
796 0 1
797 0 1
798 0 1
799 0 1
800 0 1
801 0 1
802 0 1
803 0 1
804 0 1
805 0 1
806 0 1
807 0 1
808 0 1
809 0 1
810 0 1
811 0 1
812 0 1
813 0 1
814 0 1
815 0 1
816 0 1
817 0 1
818 0 1
819 0 1
820 0 1
821 0 1
822 0 1
823 0 1
824 0 1
825 0 1
826 0 1
827 0 1
828 0 1
829 0 1
830 0 1
831 0 1
832 0 1
833 0 1
834 0 1
835 0 1
836 0 1
837 0 1
838 0 1
839 0 1
840 0 1
841 0 1
842 0 1
843 0 1
844 0 1
845 0 1
846 0 1
847 0 1
848 0 1
849 0 1
850 0 1
851 0 1
852 0 1
853 0 1
854 0 1
855 0 1
856 0 1
857 0 1
858 0 1
859 0 1
860 0 1
861 0 1
862 0 1
863 0 1
864 0 1
865 0 1
866 0 1
867 0 1
868 0 1
869 0 1
870 0 1
871 0 1
872 0 1
873 0 1
874 0 1
875 0 1
876 0 1
877 0 1
878 0 1
879 0 1
880 0 1
881 0 1
882 0 1
883 0 1
884 0 1
885 0 1
886 0 1
887 0 1
888 0 1
889 0 1
890 0 1
891 0 1
892 0 1
893 0 1
894 0 1
895 0 1
896 0 1
897 0 1
898 0 1
899 0 1
900 0 1
901 0 1
902 0 1
903 0 1
904 0 1
905 0 1
906 0 1
907 0 1
908 0 1
909 0 1
910 0 1
911 0 1
912 0 1
913 0 1
914 0 1
915 0 1
916 0 1
917 0 1
918 0 1
919 0 1
920 0 1
921 0 1
922 0 1
923 0 1
924 0 1
925 0 1
926 0 1
927 0 1
928 0 1
929 0 1
930 0 1
931 0 1
932 0 1
933 0 1
934 0 1
935 0 1
936 0 1
937 0 1
938 0 1
939 0 1
940 0 1
941 0 1
942 0 1
943 0 1
944 0 1
945 0 1
946 0 1
947 0 1
948 0 1
949 0 1
950 0 1
951 0 1
952 0 1
953 0 1
954 0 1
955 0 1
956 0 1
957 0 1
958 0 1
959 0 1
960 0 1
961 0 1
962 0 1
963 0 1
964 0 1
965 0 1
966 0 1
967 0 1
968 0 1
969 0 1
970 0 1
971 0 1
972 0 1
973 0 1
974 0 1
975 0 1
976 0 1
977 0 1
978 0 1
979 0 1
980 0 1
981 0 1
982 0 1
983 0 1
984 0 1
985 0 1
986 0 1
987 0 1
988 0 1
989 0 1
990 0 1
991 0 1
992 0 1
993 0 1
994 0 1
995 0 1
996 0 1
997 0 1
998 0 1
999 0 1
1000 0 1
1001 0 1
1002 0 1
1003 0 1
1004 0 1
1005 0 1
1006 0 1
1007 0 1
1008 0 1
1009 0 1
1010 0 1
1011 0 1
1012 0 1
1013 0 1
1014 0 1
1015 0 1
1016 0 1
1017 0 1
1018 0 1
1019 0 1
1020 0 1
1021 0 1
1022 0 1
1023 0 1
1024 0 1
1025 0 1
1026 0 1
1027 0 1
1028 0 1
1029 0 1
1030 0 1
1031 0 1
1032 0 1
1033 0 1
1034 0 1
1035 0 1
1036 0 1
1037 0 1
1038 0 1
1039 0 1
1040 0 1
1041 0 1
1042 0 1
1043 0 1
1044 0 1
1045 0 1
1046 0 1
1047 0 1
1048 0 1
1049 0 1
1050 0 1
1051 0 1
1052 0 1
1053 0 1
1054 0 1
1055 0 1
1056 0 1
1057 0 1
1058 0 1
1059 0 1
1060 0 1
1061 0 1
1062 0 1
1063 0 1
1064 0 1
1065 0 1
1066 0 1
1067 0 1
1068 0 1
1069 0 1
1070 0 1
1071 0 1
1072 0 1
1073 0 1
1074 0 1
1075 0 1
1076 0 1
1077 0 1
1078 0 1
1079 0 1
1080 0 1
1081 0 1
1082 0 1
1083 0 1
1084 0 1
1085 0 1
1086 0 1
1087 0 1
1088 0 1
1089 0 1
1090 0 1
1091 0 1
1092 0 1
1093 0 1
1094 0 1
1095 0 1
1096 0 1
1097 0 1
1098 0 1
1099 0 1
1100 0 1
1101 0 1
1102 0 1
1103 0 1
1104 0 1
1105 0 1
1106 0 1
1107 0 1
1108 0 1
1109 0 1
1110 0 1
1111 0 1
1112 0 1
1113 0 1
1114 0 1
1115 0 1
1116 0 1
1117 0 1
1118 0 1
1119 0 1
1120 0 1
1121 0 1
1122 0 1
1123 0 1
1124 0 1
1125 0 1
1126 0 1
1127 0 1
1128 0 1
1129 0 1
1130 0 1
1131 0 1
1132 0 1
1133 0 1
1134 0 1
1135 0 1
1136 0 1
1137 0 1
1138 0 1
1139 0 1
1140 0 1
1141 0 1
1142 0 1
1143 0 1
1144 0 1
1145 0 1
1146 0 1
1147 0 1
1148 0 1
1149 0 1
1150 0 1
1151 0 1
1152 0 1
1153 0 1
1154 0 1
1155 0 1
1156 0 1
1157 0 1
1158 0 1
1159 0 1
1160 0 1
1161 0 1
1162 0 1
1163 0 1
1164 0 1
1165 0 1
1166 0 1
1167 0 1
1168 0 1
1169 0 1
1170 0 1
1171 0 1
1172 0 1
1173 0 1
1174 0 1
1175 0 1
1176 0 1
1177 0 1
1178 0 1
1179 0 1
1180 0 1
1181 0 1
1182 0 1
1183 0 1
1184 0 1
1185 0 1
1186 0 1
1187 0 1
1188 0 1
1189 0 1
1190 0 1
1191 0 1
1192 0 1
1193 0 1
1194 0 1
1195 0 1
1196 0 1
1197 0 1
1198 0 1
1199 0 1
1200 0 1
1201 0 1
1202 0 1
1203 0 1
1204 0 1
1205 0 1
1206 0 1
1207 0 1
1208 0 1
1209 0 1
1210 0 1
1211 0 1
1212 0 1
1213 0 1
1214 0 1
1215 0 1
1216 0 1
1217 0 1
1218 0 1
1219 0 1
1220 0 1
1221 0 1
1222 0 1
1223 0 1
1224 0 1
1225 0 1
1226 0 1
1227 0 1
1228 0 1
1229 0 1
1230 0 1
1231 0 1
1232 0 1
1233 0 1
1234 0 1
1235 0 1
1236 0 1
1237 0 1
1238 0 1
1239 0 1
1240 0 1
1241 0 1
1242 0 1
1243 0 1
1244 0 1
1245 0 1
1246 0 1
1247 0 1
1248 0 1
1249 0 1
1250 0 1
1251 0 1
1252 0 1
1253 0 1
1254 0 1
1255 0 1
1256 0 1
1257 0 1
1258 0 1
1259 0 1
1260 0 1
1261 0 1
1262 0 1
1263 0 1
1264 0 1
1265 0 1
1266 0 1
1267 0 1
1268 0 1
1269 0 1
1270 0 1
1271 0 1
1272 0 1
1273 0 1
1274 0 1
1275 0 1
1276 0 1
1277 0 1
1278 0 1
1279 0 1
1280 0 1
1281 0 1
1282 0 1
1283 0 1
1284 0 1
1285 0 1
1286 0 1
1287 0 1
1288 0 1
1289 0 1
1290 0 1
1291 0 1
1292 0 1
1293 0 1
1294 0 1
1295 0 1
1296 0 1
1297 0 1
1298 0 1
1299 0 1
1300 0 1
1301 0 1
1302 0 1
1303 0 1
1304 0 1
1305 0 1
1306 0 1
1307 0 1
1308 0 1
1309 0 1
1310 0 1
1311 0 1
1312 0 1
1313 0 1
1314 0 1
1315 0 1
1316 0 1
1317 0 1
1318 0 1
1319 0 1
1320 0 1
1321 0 1
1322 0 1
1323 0 1
1324 0 1
1325 0 1
1326 0 1
1327 0 1
1328 0 1
1329 0 1
1330 0 1
1331 0 1
1332 0 1
1333 0 1
1334 0 1
1335 0 1
1336 0 1
1337 0 1
1338 0 1
1339 0 1
1340 0 1
1341 0 1
1342 0 1
1343 0 1
1344 0 1
1345 0 1
1346 0 1
1347 0 1
1348 0 1
1349 0 1
1350 0 1
1351 0 1
1352 0 1
1353 0 1
1354 0 1
1355 0 1
1356 0 1
1357 0 1
1358 0 1
1359 0 1
1360 0 1
1361 0 1
1362 0 1
1363 0 1
1364 0 1
1365 0 1
1366 0 1
1367 0 1
1368 0 1
1369 0 1
1370 0 1
1371 0 1
1372 0 1
1373 0 1
1374 0 1
1375 0 1
1376 0 1
1377 0 1
1378 0 1
1379 0 1
1380 0 1
1381 0 1
1382 0 1
1383 0 1
1384 0 1
1385 0 1
1386 0 1
1387 0 1
1388 0 1
1389 0 1
1390 0 1
1391 0 1
1392 0 1
1393 0 1
1394 0 1
1395 0 1
1396 0 1
1397 0 1
1398 0 1
1399 0 1
1400 0 1
1401 0 1
1402 0 1
1403 0 1
1404 0 1
1405 0 1
1406 0 1
1407 0 1
1408 0 1
1409 0 1
1410 0 1
1411 0 1
1412 0 1
1413 0 1
1414 0 1
1415 0 1
1416 0 1
1417 0 1
1418 0 1
1419 0 1
1420 0 1
1421 0 1
1422 0 1
1423 0 1
1424 0 1
1425 0 1
1426 0 1
1427 0 1
1428 0 1
1429 0 1
1430 0 1
1431 0 1
1432 0 1
1433 0 1
1434 0 1
1435 0 1
1436 0 1
1437 0 1
1438 0 1
1439 0 1
1440 0 1
1441 0 1
1442 0 1
1443 0 1
1444 0 1
1445 0 1
1446 0 1
1447 0 1
1448 0 1
1449 0 1
1450 0 1
1451 0 1
1452 0 1
1453 0 1
1454 0 1
1455 0 1
1456 0 1
1457 0 1
1458 0 1
1459 0 1
1460 0 1
1461 0 1
1462 0 1
1463 0 1
1464 0 1
1465 0 1
1466 0 1
1467 0 1
1468 0 1
1469 0 1
1470 0 1
1471 0 1
1472 0 1
1473 0 1
1474 0 1
1475 0 1
1476 0 1
1477 0 1
1478 0 1
1479 0 1
1480 0 1
1481 0 1
1482 0 1
1483 0 1
1484 0 1
1485 0 1
1486 0 1
1487 0 1
1488 0 1
1489 0 1
1490 0 1
1491 0 1
1492 0 1
1493 0 1
1494 0 1
1495 0 1
1496 0 1
1497 0 1
1498 0 1
1499 0 1
1500 0 1
1501 0 1
1502 0 1
1503 0 1
1504 0 1
1505 0 1
1506 0 1
1507 0 1
1508 0 1
1509 0 1
1510 0 1
1511 0 1
1512 0 1
1513 0 1
1514 0 1
1515 0 1
1516 0 1
1517 0 1
1518 0 1
1519 0 1
1520 0 1
1521 0 1
1522 0 1
1523 0 1
1524 0 1
1525 0 1
1526 0 1
1527 0 1
1528 0 1
1529 0 1
1530 0 1
1531 0 1
1532 0 1
1533 0 1
1534 0 1
1535 0 1
1536 0 1
1537 0 1
1538 0 1
1539 0 1
1540 0 1
1541 0 1
1542 0 1
1543 0 1
1544 0 1
1545 0 1
1546 0 1
1547 0 1
1548 0 1
1549 0 1
1550 0 1
1551 0 1
1552 0 1
1553 0 1
1554 0 1
1555 0 1
1556 0 1
1557 0 1
1558 0 1
1559 0 1
1560 0 1
1561 0 1
1562 0 1
1563 0 1
1564 0 1
1565 0 1
1566 0 1
1567 0 1
1568 0 1
1569 0 1
1570 0 1
1571 0 1
1572 0 1
1573 0 1
1574 0 1
1575 0 1
1576 0 1
1577 0 1
1578 0 1
1579 0 1
1580 0 1
1581 0 1
1582 0 1
1583 0 1
1584 0 1
1585 0 1
1586 0 1
1587 0 1
1588 0 1
1589 0 1
1590 0 1
1591 0 1
1592 0 1
1593 0 1
1594 0 1
1595 0 1
1596 0 1
1597 0 1
1598 0 1
1599 0 1
1600 0 1
1601 0 1
1602 0 1
1603 0 1
1604 0 1
1605 0 1
1606 0 1
1607 0 1
1608 0 1
1609 0 1
1610 0 1
1611 0 1
1612 0 1
1613 0 1
1614 0 1
1615 0 1
1616 0 1
1617 0 1
1618 0 1
1619 0 1
1620 0 1
1621 0 1
1622 0 1
1623 0 1
1624 0 1
1625 0 1
1626 0 1
1627 0 1
1628 0 1
1629 0 1
1630 0 1
1631 0 1
1632 0 1
1633 0 1
1634 0 1
1635 0 1
1636 0 1
1637 0 1
1638 0 1
1639 0 1
1640 0 1
1641 0 1
1642 0 1
1643 0 1
1644 0 1
1645 0 1
1646 0 1
1647 0 1
1648 0 1
1649 0 1
1650 0 1
1651 0 1
1652 0 1
1653 0 1
1654 0 1
1655 0 1
1656 0 1
1657 0 1
1658 0 1
1659 0 1
1660 0 1
1661 0 1
1662 0 1
1663 0 1
1664 0 1
1665 0 1
1666 0 1
1667 0 1
1668 0 1
1669 0 1
1670 0 1
1671 0 1
1672 0 1
1673 0 1
1674 0 1
1675 0 1
1676 0 1
1677 0 1
1678 0 1
1679 0 1
1680 0 1
1681 0 1
1682 0 1
1683 0 1
1684 0 1
1685 0 1
1686 0 1
1687 0 1
1688 0 1
1689 0 1
1690 0 1
1691 0 1
1692 0 1
1693 0 1
1694 0 1
1695 0 1
1696 0 1
1697 0 1
1698 0 1
1699 0 1
1700 0 1
1701 0 1
1702 0 1
1703 0 1
1704 0 1
1705 0 1
1706 0 1
1707 0 1
1708 0 1
1709 0 1
1710 0 1
1711 0 1
1712 0 1
1713 0 1
1714 0 1
1715 0 1
1716 0 1
1717 0 1
1718 0 1
1719 0 1
1720 0 1
1721 0 1
1722 0 1
1723 0 1
1724 0 1
1725 0 1
1726 0 1
1727 0 1
1728 0 1
1729 0 1
1730 0 1
1731 0 1
1732 0 1
1733 0 1
1734 0 1
1735 0 1
1736 0 1
1737 0 1
1738 0 1
1739 0 1
1740 0 1
1741 0 1
1742 0 1
1743 0 1
1744 0 1
1745 0 1
1746 0 1
1747 0 1
1748 0 1
1749 0 1
1750 0 1
1751 0 1
1752 0 1
1753 0 1
1754 0 1
1755 0 1
1756 0 1
1757 0 1
1758 0 1
1759 0 1
1760 0 1
1761 0 1
1762 0 1
1763 0 1
1764 0 1
1765 0 1
1766 0 1
1767 0 1
1768 0 1
1769 0 1
1770 0 1
1771 0 1
1772 0 1
1773 0 1
1774 0 1
1775 0 1
1776 0 1
1777 0 1
1778 0 1
1779 0 1
1780 0 1
1781 0 1
1782 0 1
1783 0 1
1784 0 1
1785 0 1
1786 0 1
1787 0 1
1788 0 1
1789 0 1
1790 0 1
1791 0 1
1792 0 1
1793 0 1
1794 0 1
1795 0 1
1796 0 1
1797 0 1
1798 0 1
1799 0 1
1800 0 1
1801 0 1
1802 0 1
1803 0 1
1804 0 1
1805 0 1
1806 0 1
1807 0 1
1808 0 1
1809 0 1
1810 0 1
1811 0 1
1812 0 1
1813 0 1
1814 0 1
1815 0 1
1816 0 1
1817 0 1
1818 0 1
1819 0 1
1820 0 1
1821 0 1
1822 0 1
1823 0 1
1824 0 1
1825 0 1
1826 0 1
1827 0 1
1828 0 1
1829 0 1
1830 0 1
1831 0 1
1832 0 1
1833 0 1
1834 0 1
1835 0 1
1836 0 1
1837 0 1
1838 0 1
1839 0 1
1840 0 1
1841 0 1
1842 0 1
1843 0 1
1844 0 1
1845 0 1
1846 0 1
1847 0 1
1848 0 1
1849 0 1
1850 0 1
1851 0 1
1852 0 1
1853 0 1
1854 0 1
1855 0 1
1856 0 1
1857 0 1
1858 0 1
1859 0 1
1860 0 1
1861 0 1
1862 0 1
1863 0 1
1864 0 1
1865 0 1
1866 0 1
1867 0 1
1868 0 1
1869 0 1
1870 0 1
1871 0 1
1872 0 1
1873 0 1
1874 0 1
1875 0 1
1876 0 1
1877 0 1
1878 0 1
1879 0 1
1880 0 1
1881 0 1
1882 0 1
1883 0 1
1884 0 1
1885 0 1
1886 0 1
1887 0 1
1888 0 1
1889 0 1
1890 0 1
1891 0 1
1892 0 1
1893 0 1
1894 0 1
1895 0 1
1896 0 1
1897 0 1
1898 0 1
1899 0 1
1900 0 1
1901 0 1
1902 0 1
1903 0 1
1904 0 1
1905 0 1
1906 0 1
1907 0 1
1908 0 1
1909 0 1
1910 0 1
1911 0 1
1912 0 1
1913 0 1
1914 0 1
1915 0 1
1916 0 1
1917 0 1
1918 0 1
1919 0 1
1920 0 1
1921 0 1
1922 0 1
1923 0 1
1924 0 1
1925 0 1
1926 0 1
1927 0 1
1928 0 1
1929 0 1
1930 0 1
1931 0 1
1932 0 1
1933 0 1
1934 0 1
1935 0 1
1936 0 1
1937 0 1
1938 0 1
1939 0 1
1940 0 1
1941 0 1
1942 0 1
1943 0 1
1944 0 1
1945 0 1
1946 0 1
1947 0 1
1948 0 1
1949 0 1
1950 0 1
1951 0 1
1952 0 1
1953 0 1
1954 0 1
1955 0 1
1956 0 1
1957 0 1
1958 0 1
1959 0 1
1960 0 1
1961 0 1
1962 0 1
1963 0 1
1964 0 1
1965 0 1
1966 0 1
1967 0 1
1968 0 1
1969 0 1
1970 0 1
1971 0 1
1972 0 1
1973 0 1
1974 0 1
1975 0 1
1976 0 1
1977 0 1
1978 0 1
1979 0 1
1980 0 1
1981 0 1
1982 0 1
1983 0 1
1984 0 1
1985 0 1
1986 0 1
1987 0 1
1988 0 1
1989 0 1
1990 0 1
1991 0 1
1992 0 1
1993 0 1
1994 0 1
1995 0 1
1996 0 1
1997 0 1
1998 0 1
1999 0 1
2000 0 1
2001 0 1
2002 0 1
2003 0 1
2004 0 1
2005 0 1
2006 0 1
2007 0 1
2008 0 1
2009 0 1
2010 0 1
2011 0 1
2012 0 1
2013 0 1
2014 0 1
2015 0 1
2016 0 1
2017 0 1
2018 0 1
2019 0 1
2020 0 1
2021 0 1
2022 0 1
2023 0 1
2024 0 1
2025 0 1
2026 0 1
2027 0 1
2028 0 1
2029 0 1
2030 0 1
2031 0 1
2032 0 1
2033 0 1
2034 0 1
2035 0 1
2036 0 1
2037 0 1
2038 0 1
2039 0 1
2040 0 1
2041 0 1
2042 0 1
2043 0 1
2044 0 1
2045 0 1
2046 0 1
2047 0 1
2048 0 1
2049 0 1
2050 0 1
2051 0 1
2052 0 1
2053 0 1
2054 0 1
2055 0 1
2056 0 1
2057 0 1
2058 0 1
2059 0 1
2060 0 1
2061 0 1
2062 0 1
2063 0 1
2064 0 1
2065 0 1
2066 0 1
2067 0 1
2068 0 1
2069 0 1
2070 0 1
2071 0 1
2072 0 1
2073 0 1
2074 0 1
2075 0 1
2076 0 1
2077 0 1
2078 0 1
2079 0 1
2080 0 1
2081 0 1
2082 0 1
2083 0 1
2084 0 1
2085 0 1
2086 0 1
2087 0 1
2088 0 1
2089 0 1
2090 0 1
2091 0 1
2092 0 1
2093 0 1
2094 0 1
2095 0 1
2096 0 1
2097 0 1
2098 0 1
2099 0 1
2100 0 1
2101 0 1
2102 0 1
2103 0 1
2104 0 1
2105 0 1
2106 0 1
2107 0 1
2108 0 1
2109 0 1
2110 0 1
2111 0 1
2112 0 1
2113 0 1
2114 0 1
2115 0 1
2116 0 1
2117 0 1
2118 0 1
2119 0 1
2120 0 1
2121 0 1
2122 0 1
2123 0 1
2124 0 1
2125 0 1
2126 0 1
2127 0 1
2128 0 1
2129 0 1
2130 0 1
2131 0 1
2132 0 1
2133 0 1
2134 0 1
2135 0 1
2136 0 1
2137 0 1
2138 0 1
2139 0 1
2140 0 1
2141 0 1
2142 0 1
2143 0 1
2144 0 1
2145 0 1
2146 0 1
2147 0 1
2148 0 1
2149 0 1
2150 0 1
2151 0 1
2152 0 1
2153 0 1
2154 0 1
2155 0 1
2156 0 1
2157 0 1
2158 0 1
2159 0 1
2160 0 1
2161 0 1
2162 0 1
2163 0 1
2164 0 1
2165 0 1
2166 0 1
2167 0 1
2168 0 1
2169 0 1
2170 0 1
2171 0 1
2172 0 1
2173 0 1
2174 0 1
2175 0 1
2176 0 1
2177 0 1
2178 0 1
2179 0 1
2180 0 1
2181 0 1
2182 0 1
2183 0 1
2184 0 1
2185 0 1
2186 0 1
2187 0 1
2188 0 1
2189 0 1
2190 0 1
2191 0 1
2192 0 1
2193 0 1
2194 0 1
2195 0 1
2196 0 1
2197 0 1
2198 0 1
2199 0 1
2200 0 1
2201 0 1
2202 0 1
2203 0 1
2204 0 1
2205 0 1
2206 0 1
2207 0 1
2208 0 1
2209 0 1
2210 0 1
2211 0 1
2212 0 1
2213 0 1
2214 0 1
2215 0 1
2216 0 1
2217 0 1
2218 0 1
2219 0 1
2220 0 1
2221 0 1
2222 0 1
2223 0 1
2224 0 1
2225 0 1
2226 0 1
2227 0 1
2228 0 1
2229 0 1
2230 0 1
2231 0 1
2232 0 1
2233 0 1
2234 0 1
2235 0 1
2236 0 1
2237 0 1
2238 0 1
2239 0 1
2240 0 1
2241 0 1
2242 0 1
2243 0 1
2244 0 1
2245 0 1
2246 0 1
2247 0 1
2248 0 1
2249 0 1
2250 0 1
2251 0 1
2252 0 1
2253 0 1
2254 0 1
2255 0 1
2256 0 1
2257 0 1
2258 0 1
2259 0 1
2260 0 1
2261 0 1
2262 0 1
2263 0 1
2264 0 1
2265 0 1
2266 0 1
2267 0 1
2268 0 1
2269 0 1
2270 0 1
2271 0 1
2272 0 1
2273 0 1
2274 0 1
2275 0 1
2276 0 1
2277 0 1
2278 0 1
2279 0 1
2280 0 1
2281 0 1
2282 0 1
2283 0 1
2284 0 1
2285 0 1
2286 0 1
2287 0 1
2288 0 1
2289 0 1
2290 0 1
2291 0 1
2292 0 1
2293 0 1
2294 0 1
2295 0 1
2296 0 1
2297 0 1
2298 0 1
2299 0 1
2300 0 1
2301 0 1
2302 0 1
2303 0 1
2304 0 1
2305 0 1
2306 0 1
2307 0 1
2308 0 1
2309 0 1
2310 0 1
2311 0 1
2312 0 1
2313 0 1
2314 0 1
2315 0 1
2316 0 1
2317 0 1
2318 0 1
2319 0 1
2320 0 1
2321 0 1
2322 0 1
2323 0 1
2324 0 1
2325 0 1
2326 0 1
2327 0 1
2328 0 1
2329 0 1
2330 0 1
2331 0 1
2332 0 1
2333 0 1
2334 0 1
2335 0 1
2336 0 1
2337 0 1
2338 0 1
2339 0 1
2340 0 1
2341 0 1
2342 0 1
2343 0 1
2344 0 1
2345 0 1
2346 0 1
2347 0 1
2348 0 1
2349 0 1
2350 0 1
2351 0 1
2352 0 1
2353 0 1
2354 0 1
2355 0 1
2356 0 1
2357 0 1
2358 0 1
2359 0 1
2360 0 1
2361 0 1
2362 0 1
2363 0 1
2364 0 1
2365 0 1
2366 0 1
2367 0 1
2368 0 1
2369 0 1
2370 0 1
2371 0 1
2372 0 1
2373 0 1
2374 0 1
2375 0 1
2376 0 1
2377 0 1
2378 0 1
2379 0 1
2380 0 1
2381 0 1
2382 0 1
2383 0 1
2384 0 1
2385 0 1
2386 0 1
2387 0 1
2388 0 1
2389 0 1
2390 0 1
2391 0 1
2392 0 1
2393 0 1
2394 0 1
2395 0 1
2396 0 1
2397 0 1
2398 0 1
2399 0 1
2400 0 1
2401 0 1
2402 0 1
2403 0 1
2404 0 1
2405 0 1
2406 0 1
2407 0 1
2408 0 1
2409 0 1
2410 0 1
2411 0 1
2412 0 1
2413 0 1
2414 0 1
2415 0 1
2416 0 1
2417 0 1
2418 0 1
2419 0 1
2420 0 1
2421 0 1
2422 0 1
2423 0 1
2424 0 1
2425 0 1
2426 0 1
2427 0 1
2428 0 1
2429 0 1
2430 0 1
2431 0 1
2432 0 1
2433 0 1
2434 0 1
2435 0 1
2436 0 1
2437 0 1
2438 0 1
2439 0 1
2440 0 1
2441 0 1
2442 0 1
2443 0 1
2444 0 1
2445 0 1
2446 0 1
2447 0 1
2448 0 1
2449 0 1
2450 0 1
2451 0 1
2452 0 1
2453 0 1
2454 0 1
2455 0 1
2456 0 1
2457 0 1
2458 0 1
2459 0 1
2460 0 1
2461 0 1
2462 0 1
2463 0 1
2464 0 1
2465 0 1
2466 0 1
2467 0 1
2468 0 1
2469 0 1
2470 0 1
2471 0 1
2472 0 1
2473 0 1
2474 0 1
2475 0 1
2476 0 1
2477 0 1
2478 0 1
2479 0 1
2480 0 1
2481 0 1
2482 0 1
2483 0 1
2484 0 1
2485 0 1
2486 0 1
2487 0 1
2488 0 1
2489 0 1
2490 0 1
2491 0 1
2492 0 1
2493 0 1
2494 0 1
2495 0 1
2496 0 1
2497 0 1
2498 0 1
2499 0 1
2500 0 1
2501 0 1
2502 0 1
2503 0 1
2504 0 1
2505 0 1
2506 0 1
2507 0 1
2508 0 1
2509 0 1
2510 0 1
2511 0 1
2512 0 1
2513 0 1
2514 0 1
2515 0 1
2516 0 1
2517 0 1
2518 0 1
2519 0 1
2520 0 1
2521 0 1
2522 0 1
2523 0 1
2524 0 1
2525 0 1
2526 0 1
2527 0 1
2528 0 1
2529 0 1
2530 0 1
2531 0 1
2532 0 1
2533 0 1
2534 0 1
2535 0 1
2536 0 1
2537 0 1
2538 0 1
2539 0 1
2540 0 1
2541 0 1
2542 0 1
2543 0 1
2544 0 1
2545 0 1
2546 0 1
2547 0 1
2548 0 1
2549 0 1
2550 0 1
2551 0 1
2552 0 1
2553 0 1
2554 0 1
2555 0 1
2556 0 1
2557 0 1
2558 0 1
2559 0 1
2560 0 1
2561 0 1
2562 0 1
2563 0 1
2564 0 1
2565 0 1
2566 0 1
2567 0 1
2568 0 1
2569 0 1
2570 0 1
2571 0 1
2572 0 1
2573 0 1
2574 0 1
2575 0 1
2576 0 1
2577 0 1
2578 0 1
2579 0 1
2580 0 1
2581 0 1
2582 0 1
2583 0 1
2584 0 1
2585 0 1
2586 0 1
2587 0 1
2588 0 1
2589 0 1
2590 0 1
2591 0 1
2592 0 1
2593 0 1
2594 0 1
2595 0 1
2596 0 1
2597 0 1
2598 0 1
2599 0 1
2600 0 1
2601 0 1
2602 0 1
2603 0 1
2604 0 1
2605 0 1
2606 0 1
2607 0 1
2608 0 1
2609 0 1
2610 0 1
2611 0 1
2612 0 1
2613 0 1
2614 0 1
2615 0 1
2616 0 1
2617 0 1
2618 0 1
2619 0 1
2620 0 1
2621 0 1
2622 0 1
2623 0 1
2624 0 1
2625 0 1
2626 0 1
2627 0 1
2628 0 1
2629 0 1
2630 0 1
2631 0 1
2632 0 1
2633 0 1
2634 0 1
2635 0 1
2636 0 1
2637 0 1
2638 0 1
2639 0 1
2640 0 1
2641 0 1
2642 0 1
2643 0 1
2644 0 1
2645 0 1
2646 0 1
2647 0 1
2648 0 1
2649 0 1
2650 0 1
2651 0 1
2652 0 1
2653 0 1
2654 0 1
2655 0 1
2656 0 1
2657 0 1
2658 0 1
2659 0 1
2660 0 1
2661 0 1
2662 0 1
2663 0 1
2664 0 1
2665 0 1
2666 0 1
2667 0 1
2668 0 1
2669 0 1
2670 0 1
2671 0 1
2672 0 1
2673 0 1
2674 0 1
2675 0 1
2676 0 1
2677 0 1
2678 0 1
2679 0 1
2680 0 1
2681 0 1
2682 0 1
2683 0 1
2684 0 1
2685 0 1
2686 0 1
2687 0 1
2688 0 1
2689 0 1
2690 0 1
2691 0 1
2692 0 1
2693 0 1
2694 0 1
2695 0 1
2696 0 1
2697 0 1
2698 0 1
2699 0 1
2700 0 1
2701 0 1
2702 0 1
2703 0 1
2704 0 1
2705 0 1
2706 0 1
2707 0 1
2708 0 1
2709 0 1
2710 0 1
2711 0 1
2712 0 1
2713 0 1
2714 0 1
2715 0 1
2716 0 1
2717 0 1
2718 0 1
2719 0 1
2720 0 1
2721 0 1
2722 0 1
2723 0 1
2724 0 1
2725 0 1
2726 0 1
2727 0 1
2728 0 1
2729 0 1
2730 0 1
2731 0 1
2732 0 1
2733 0 1
2734 0 1
2735 0 1
2736 0 1
2737 0 1
2738 0 1
2739 0 1
2740 0 1
2741 0 1
2742 0 1
2743 0 1
2744 0 1
2745 0 1
2746 0 1
2747 0 1
2748 0 1
2749 0 1
2750 0 1
2751 0 1
2752 0 1
2753 0 1
2754 0 1
2755 0 1
2756 0 1
2757 0 1
2758 0 1
2759 0 1
2760 0 1
2761 0 1
2762 0 1
2763 0 1
2764 0 1
2765 0 1
2766 0 1
2767 0 1
2768 0 1
2769 0 1
2770 0 1
2771 0 1
2772 0 1
2773 0 1
2774 0 1
2775 0 1
2776 0 1
2777 0 1
2778 0 1
2779 0 1
2780 0 1
2781 0 1
2782 0 1
2783 0 1
2784 0 1
2785 0 1
2786 0 1
2787 0 1
2788 0 1
2789 0 1
2790 0 1
2791 0 1
2792 0 1
2793 0 1
2794 0 1
2795 0 1
2796 0 1
2797 0 1
2798 0 1
2799 0 1
2800 0 1
2801 0 1
2802 0 1
2803 0 1
2804 0 1
2805 0 1
2806 0 1
2807 0 1
2808 0 1
2809 0 1
2810 0 1
2811 0 1
2812 0 1
2813 0 1
2814 0 1
2815 0 1
2816 0 1
2817 0 1
2818 0 1
2819 0 1
2820 0 1
2821 0 1
2822 0 1
2823 0 1
2824 0 1
2825 0 1
2826 0 1
2827 0 1
2828 0 1
2829 0 1
2830 0 1
2831 0 1
2832 0 1
2833 0 1
2834 0 1
2835 0 1
2836 0 1
2837 0 1
2838 0 1
2839 0 1
2840 0 1
2841 0 1
2842 0 1
2843 0 1
2844 0 1
2845 0 1
2846 0 1
2847 0 1
2848 0 1
2849 0 1
2850 0 1
2851 0 1
2852 0 1
2853 0 1
2854 0 1
2855 0 1
2856 0 1
2857 0 1
2858 0 1
2859 0 1
2860 0 1
2861 0 1
2862 0 1
2863 0 1
2864 0 1
2865 0 1
2866 0 1
2867 0 1
2868 0 1
2869 0 1
2870 0 1
2871 0 1
2872 0 1
2873 0 1
2874 0 1
2875 0 1
2876 0 1
2877 0 1
2878 0 1
2879 0 1
2880 0 1
2881 0 1
2882 0 1
2883 0 1
2884 0 1
2885 0 1
2886 0 1
2887 0 1
2888 0 1
2889 0 1
2890 0 1
2891 0 1
2892 0 1
2893 0 1
2894 0 1
2895 0 1
2896 0 1
2897 0 1
2898 0 1
2899 0 1
2900 0 1
2901 0 1
2902 0 1
2903 0 1
2904 0 1
2905 0 1
2906 0 1
2907 0 1
2908 0 1
2909 0 1
2910 0 1
2911 0 1
2912 0 1
2913 0 1
2914 0 1
2915 0 1
2916 0 1
2917 0 1
2918 0 1
2919 0 1
2920 0 1
2921 0 1
2922 0 1
2923 0 1
2924 0 1
2925 0 1
2926 0 1
2927 0 1
2928 0 1
2929 0 1
2930 0 1
2931 0 1
2932 0 1
2933 0 1
2934 0 1
2935 0 1
2936 0 1
2937 0 1
2938 0 1
2939 0 1
2940 0 1
2941 0 1
2942 0 1
2943 0 1
2944 0 1
2945 0 1
2946 0 1
2947 0 1
2948 0 1
2949 0 1
2950 0 1
2951 0 1
2952 0 1
2953 0 1
2954 0 1
2955 0 1
2956 0 1
2957 0 1
2958 0 1
2959 0 1
2960 0 1
2961 0 1
2962 0 1
2963 0 1
2964 0 1
2965 0 1
2966 0 1
2967 0 1
2968 0 1
2969 0 1
2970 0 1
2971 0 1
2972 0 1
2973 0 1
2974 0 1
2975 0 1
2976 0 1
2977 0 1
2978 0 1
2979 0 1
2980 0 1
2981 0 1
2982 0 1
2983 0 1
2984 0 1
2985 0 1
2986 0 1
2987 0 1
2988 0 1
2989 0 1
2990 0 1
2991 0 1
2992 0 1
2993 0 1
2994 0 1
2995 0 1
2996 0 1
2997 0 1
2998 0 1
2999 0 1
3000 0 1
3001 0 1
3002 0 1
3003 0 1
3004 0 1
3005 0 1
3006 0 1
3007 0 1
3008 0 1
3009 0 1
3010 0 1
3011 0 1
3012 0 1
3013 0 1
3014 0 1
3015 0 1
3016 0 1
3017 0 1
3018 0 1
3019 0 1
3020 0 1
3021 0 1
3022 0 1
3023 0 1
3024 0 1
3025 0 1
3026 0 1
3027 0 1
3028 0 1
3029 0 1
3030 0 1
3031 0 1
3032 0 1
3033 0 1
3034 0 1
3035 0 1
3036 0 1
3037 0 1
3038 0 1
3039 0 1
3040 0 1
3041 0 1
3042 0 1
3043 0 1
3044 0 1
3045 0 1
3046 0 1
3047 0 1
3048 0 1
3049 0 1
3050 0 1
3051 0 1
3052 0 1
3053 0 1
3054 0 1
3055 0 1
3056 0 1
3057 0 1
3058 0 1
3059 0 1
3060 0 1
3061 0 1
3062 0 1
3063 0 1
3064 0 1
3065 0 1
3066 0 1
3067 0 1
3068 0 1
3069 0 1
3070 0 1
3071 0 1
3072 0 1
3073 0 1
3074 0 1
3075 0 1
3076 0 1
3077 0 1
3078 0 1
3079 0 1
3080 0 1
3081 0 1
3082 0 1
3083 0 1
3084 0 1
3085 0 1
3086 0 1
3087 0 1
3088 0 1
3089 0 1
3090 0 1
3091 0 1
3092 0 1
3093 0 1
3094 0 1
3095 0 1
3096 0 1
3097 0 1
3098 0 1
3099 0 1
3100 0 1
3101 0 1
3102 0 1
3103 0 1
3104 0 1
3105 0 1
3106 0 1
3107 0 1
3108 0 1
3109 0 1
3110 0 1
3111 0 1
3112 0 1
3113 0 1
3114 0 1
3115 0 1
3116 0 1
3117 0 1
3118 0 1
3119 0 1
3120 0 1
3121 0 1
3122 0 1
3123 0 1
3124 0 1
3125 0 1
3126 0 1
3127 0 1
3128 0 1
3129 0 1
3130 0 1
3131 0 1
3132 0 1
3133 0 1
3134 0 1
3135 0 1
3136 0 1
3137 0 1
3138 0 1
3139 0 1
3140 0 1
3141 0 1
3142 0 1
3143 0 1
3144 0 1
3145 0 1
3146 0 1
3147 0 1
3148 0 1
3149 0 1
3150 0 1
3151 0 1
3152 0 1
3153 0 1
3154 0 1
3155 0 1
3156 0 1
3157 0 1
3158 0 1
3159 0 1
3160 0 1
3161 0 1
3162 0 1
3163 0 1
3164 0 1
3165 0 1
3166 0 1
3167 0 1
3168 0 1
3169 0 1
3170 0 1
3171 0 1
3172 0 1
3173 0 1
3174 0 1
3175 0 1
3176 0 1
3177 0 1
3178 0 1
3179 0 1
3180 0 1
3181 0 1
3182 0 1
3183 0 1
3184 0 1
3185 0 1
3186 0 1
3187 0 1
3188 0 1
3189 0 1
3190 0 1
3191 0 1
3192 0 1
3193 0 1
3194 0 1
3195 0 1
3196 0 1
3197 0 1
3198 0 1
3199 0 1
3200 0 1
3201 0 1
3202 0 1
3203 0 1
3204 0 1
3205 0 1
3206 0 1
3207 0 1
3208 0 1
3209 0 1
3210 0 1
3211 0 1
3212 0 1
3213 0 1
3214 0 1
3215 0 1
3216 0 1
3217 0 1
3218 0 1
3219 0 1
3220 0 1
3221 0 1
3222 0 1
3223 0 1
3224 0 1
3225 0 1
3226 0 1
3227 0 1
3228 0 1
3229 0 1
3230 0 1
3231 0 1
3232 0 1
3233 0 1
3234 0 1
3235 0 1
3236 0 1
3237 0 1
3238 0 1
3239 0 1
3240 0 1
3241 0 1
3242 0 1
3243 0 1
3244 0 1
3245 0 1
3246 0 1
3247 0 1
3248 0 1
3249 0 1
3250 0 1
3251 0 1
3252 0 1
3253 0 1
3254 0 1
3255 0 1
3256 0 1
3257 0 1
3258 0 1
3259 0 1
3260 0 1
3261 0 1
3262 0 1
3263 0 1
3264 0 1
3265 0 1
3266 0 1
3267 0 1
3268 0 1
3269 0 1
3270 0 1
3271 0 1
3272 0 1
3273 0 1
3274 0 1
3275 0 1
3276 0 1
3277 0 1
3278 0 1
3279 0 1
3280 0 1
3281 0 1
3282 0 1
3283 0 1
3284 0 1
3285 0 1
3286 0 1
3287 0 1
3288 0 1
3289 0 1
3290 0 1
3291 0 1
3292 0 1
3293 0 1
3294 0 1
3295 0 1
3296 0 1
3297 0 1
3298 0 1
3299 0 1
3300 0 1
3301 0 1
3302 0 1
3303 0 1
3304 0 1
3305 0 1
3306 0 1
3307 0 1
3308 0 1
3309 0 1
3310 0 1
3311 0 1
3312 0 1
3313 0 1
3314 0 1
3315 0 1
3316 0 1
3317 0 1
3318 0 1
3319 0 1
3320 0 1
3321 0 1
3322 0 1
3323 0 1
3324 0 1
3325 0 1
3326 0 1
3327 0 1
3328 0 1
3329 0 1
3330 0 1
3331 0 1
3332 0 1
3333 0 1
3334 0 1
3335 0 1
3336 0 1
3337 0 1
3338 0 1
3339 0 1
3340 0 1
3341 0 1
3342 0 1
3343 0 1
3344 0 1
3345 0 1
3346 0 1
3347 0 1
3348 0 1
3349 0 1
3350 0 1
3351 0 1
3352 0 1
3353 0 1
3354 0 1
3355 0 1
3356 0 1
3357 0 1
3358 0 1
3359 0 1
3360 0 1
3361 0 1
3362 0 1
3363 0 1
3364 0 1
3365 0 1
3366 0 1
3367 0 1
3368 0 1
3369 0 1
3370 0 1
3371 0 1
3372 0 1
3373 0 1
3374 0 1
3375 0 1
3376 0 1
3377 0 1
3378 0 1
3379 0 1
3380 0 1
3381 0 1
3382 0 1
3383 0 1
3384 0 1
3385 0 1
3386 0 1
3387 0 1
3388 0 1
3389 0 1
3390 0 1
3391 0 1
3392 0 1
3393 0 1
3394 0 1
3395 0 1
3396 0 1
3397 0 1
3398 0 1
3399 0 1
3400 0 1
3401 0 1
3402 0 1
3403 0 1
3404 0 1
3405 0 1
3406 0 1
3407 0 1
3408 0 1
3409 0 1
3410 0 1
3411 0 1
3412 0 1
3413 0 1
3414 0 1
3415 0 1
3416 0 1
3417 0 1
3418 0 1
3419 0 1
3420 0 1
3421 0 1
3422 0 1
3423 0 1
3424 0 1
3425 0 1
3426 0 1
3427 0 1
3428 0 1
3429 0 1
3430 0 1
3431 0 1
3432 0 1
3433 0 1
3434 0 1
3435 0 1
3436 0 1
3437 0 1
3438 0 1
3439 0 1
3440 0 1
3441 0 1
3442 0 1
3443 0 1
3444 0 1
3445 0 1
3446 0 1
3447 0 1
3448 0 1
3449 0 1
3450 0 1
3451 0 1
3452 0 1
3453 0 1
3454 0 1
3455 0 1
3456 0 1
3457 0 1
3458 0 1
3459 0 1
3460 0 1
3461 0 1
3462 0 1
3463 0 1
3464 0 1
3465 0 1
3466 0 1
3467 0 1
3468 0 1
3469 0 1
3470 0 1
3471 0 1
3472 0 1
3473 0 1
3474 0 1
3475 0 1
3476 0 1
3477 0 1
3478 0 1
3479 0 1
3480 0 1
3481 0 1
3482 0 1
3483 0 1
3484 0 1
3485 0 1
3486 0 1
3487 0 1
3488 0 1
3489 0 1
3490 0 1
3491 0 1
3492 0 1
3493 0 1
3494 0 1
3495 0 1
3496 0 1
3497 0 1
3498 0 1
3499 0 1
3500 0 1
3501 0 1
3502 0 1
3503 0 1
3504 0 1
3505 0 1
3506 0 1
3507 0 1
3508 0 1
3509 0 1
3510 0 1
3511 0 1
3512 0 1
3513 0 1
3514 0 1
3515 0 1
3516 0 1
3517 0 1
3518 0 1
3519 0 1
3520 0 1
3521 0 1
3522 0 1
3523 0 1
3524 0 1
3525 0 1
3526 0 1
3527 0 1
3528 0 1
3529 0 1
3530 0 1
3531 0 1
3532 0 1
3533 0 1
3534 0 1
3535 0 1
3536 0 1
3537 0 1
3538 0 1
3539 0 1
3540 0 1
3541 0 1
3542 0 1
3543 0 1
3544 0 1
3545 0 1
3546 0 1
3547 0 1
3548 0 1
3549 0 1
3550 0 1
3551 0 1
3552 0 1
3553 0 1
3554 0 1
3555 0 1
3556 0 1
3557 0 1
3558 0 1
3559 0 1
3560 0 1
3561 0 1
3562 0 1
3563 0 1
3564 0 1
3565 0 1
3566 0 1
3567 0 1
3568 0 1
3569 0 1
3570 0 1
3571 0 1
3572 0 1
3573 0 1
3574 0 1
3575 0 1
3576 0 1
3577 0 1
3578 0 1
3579 0 1
3580 0 1
3581 0 1
3582 0 1
3583 0 1
3584 0 1
3585 0 1
3586 0 1
3587 0 1
3588 0 1
3589 0 1
3590 0 1
3591 0 1
3592 0 1
3593 0 1
3594 0 1
3595 0 1
3596 0 1
3597 0 1
3598 0 1
3599 0 1
3600 0 1
3601 0 1
3602 0 1
3603 0 1
3604 0 1
3605 0 1
3606 0 1
3607 0 1
3608 0 1
3609 0 1
3610 0 1
3611 0 1
3612 0 1
3613 0 1
3614 0 1
3615 0 1
3616 0 1
3617 0 1
3618 0 1
3619 0 1
3620 0 1
3621 0 1
3622 0 1
3623 0 1
3624 0 1
3625 0 1
3626 0 1
3627 0 1
3628 0 1
3629 0 1
3630 0 1
3631 0 1
3632 0 1
3633 0 1
3634 0 1
3635 0 1
3636 0 1
3637 0 1
3638 0 1
3639 0 1
3640 0 1
3641 0 1
3642 0 1
3643 0 1
3644 0 1
3645 0 1
3646 0 1
3647 0 1
3648 0 1
3649 0 1
3650 0 1
3651 0 1
3652 0 1
3653 0 1
3654 0 1
3655 0 1
3656 0 1
3657 0 1
3658 0 1
3659 0 1
3660 0 1
3661 0 1
3662 0 1
3663 0 1
3664 0 1
3665 0 1
3666 0 1
3667 0 1
3668 0 1
3669 0 1
3670 0 1
3671 0 1
3672 0 1
3673 0 1
3674 0 1
3675 0 1
3676 0 1
3677 0 1
3678 0 1
3679 0 1
3680 0 1
3681 0 1
3682 0 1
3683 0 1
3684 0 1
3685 0 1
3686 0 1
3687 0 1
3688 0 1
3689 0 1
3690 0 1
3691 0 1
3692 0 1
3693 0 1
3694 0 1
3695 0 1
3696 0 1
3697 0 1
3698 0 1
3699 0 1
3700 0 1
3701 0 1
3702 0 1
3703 0 1
3704 0 1
3705 0 1
3706 0 1
3707 0 1
3708 0 1
3709 0 1
3710 0 1
3711 0 1
3712 0 1
3713 0 1
3714 0 1
3715 0 1
3716 0 1
3717 0 1
3718 0 1
3719 0 1
3720 0 1
3721 0 1
3722 0 1
3723 0 1
3724 0 1
3725 0 1
3726 0 1
3727 0 1
3728 0 1
3729 0 1
3730 0 1
3731 0 1
3732 0 1
3733 0 1
3734 0 1
3735 0 1
3736 0 1
3737 0 1
3738 0 1
3739 0 1
3740 0 1
3741 0 1
3742 0 1
3743 0 1
3744 0 1
3745 0 1
3746 0 1
3747 0 1
3748 0 1
3749 0 1
3750 0 1
3751 0 1
3752 0 1
3753 0 1
3754 0 1
3755 0 1
3756 0 1
3757 0 1
3758 0 1
3759 0 1
3760 0 1
3761 0 1
3762 0 1
3763 0 1
3764 0 1
3765 0 1
3766 0 1
3767 0 1
3768 0 1
3769 0 1
3770 0 1
3771 0 1
3772 0 1
3773 0 1
3774 0 1
3775 0 1
3776 0 1
3777 0 1
3778 0 1
3779 0 1
3780 0 1
3781 0 1
3782 0 1
3783 0 1
3784 0 1
3785 0 1
3786 0 1
3787 0 1
3788 0 1
3789 0 1
3790 0 1
3791 0 1
3792 0 1
3793 0 1
3794 0 1
3795 0 1
3796 0 1
3797 0 1
3798 0 1
3799 0 1
3800 0 1
3801 0 1
3802 0 1
3803 0 1
3804 0 1
3805 0 1
3806 0 1
3807 0 1
3808 0 1
3809 0 1
3810 0 1
3811 0 1
3812 0 1
3813 0 1
3814 0 1
3815 0 1
3816 0 1
3817 0 1
3818 0 1
3819 0 1
3820 0 1
3821 0 1
3822 0 1
3823 0 1
3824 0 1
3825 0 1
3826 0 1
3827 0 1
3828 0 1
3829 0 1
3830 0 1
3831 0 1
3832 0 1
3833 0 1
3834 0 1
3835 0 1
3836 0 1
3837 0 1
3838 0 1
3839 0 1
3840 0 1
3841 0 1
3842 0 1
3843 0 1
3844 0 1
3845 0 1
3846 0 1
3847 0 1
3848 0 1
3849 0 1
3850 0 1
3851 0 1
3852 0 1
3853 0 1
3854 0 1
3855 0 1
3856 0 1
3857 0 1
3858 0 1
3859 0 1
3860 0 1
3861 0 1
3862 0 1
3863 0 1
3864 0 1
3865 0 1
3866 0 1
3867 0 1
3868 0 1
3869 0 1
3870 0 1
3871 0 1
3872 0 1
3873 0 1
3874 0 1
3875 0 1
3876 0 1
3877 0 1
3878 0 1
3879 0 1
3880 0 1
3881 0 1
3882 0 1
3883 0 1
3884 0 1
3885 0 1
3886 0 1
3887 0 1
3888 0 1
3889 0 1
3890 0 1
3891 0 1
3892 0 1
3893 0 1
3894 0 1
3895 0 1
3896 0 1
3897 0 1
3898 0 1
3899 0 1
3900 0 1
3901 0 1
3902 0 1
3903 0 1
3904 0 1
3905 0 1
3906 0 1
3907 0 1
3908 0 1
3909 0 1
3910 0 1
3911 0 1
3912 0 1
3913 0 1
3914 0 1
3915 0 1
3916 0 1
3917 0 1
3918 0 1
3919 0 1
3920 0 1
3921 0 1
3922 0 1
3923 0 1
3924 0 1
3925 0 1
3926 0 1
3927 0 1
3928 0 1
3929 0 1
3930 0 1
3931 0 1
3932 0 1
3933 0 1
3934 0 1
3935 0 1
3936 0 1
3937 0 1
3938 0 1
3939 0 1
3940 0 1
3941 0 1
3942 0 1
3943 0 1
3944 0 1
3945 0 1
3946 0 1
3947 0 1
3948 0 1
3949 0 1
3950 0 1
3951 0 1
3952 0 1
3953 0 1
3954 0 1
3955 0 1
3956 0 1
3957 0 1
3958 0 1
3959 0 1
3960 0 1
3961 0 1
3962 0 1
3963 0 1
3964 0 1
3965 0 1
3966 0 1
3967 0 1
3968 0 1
3969 0 1
3970 0 1
3971 0 1
3972 0 1
3973 0 1
3974 0 1
3975 0 1
3976 0 1
3977 0 1
3978 0 1
3979 0 1
3980 0 1
3981 0 1
3982 0 1
3983 0 1
3984 0 1
3985 0 1
3986 0 1
3987 0 1
3988 0 1
3989 0 1
3990 0 1
3991 0 1
3992 0 1
3993 0 1
3994 0 1
3995 0 1
3996 0 1
3997 0 1
3998 0 1
3999 0 1
4000 0 1
4001 0 1
4002 0 1
4003 0 1
4004 0 1
4005 0 1
4006 0 1
4007 0 1
4008 0 1
4009 0 1
4010 0 1
4011 0 1
4012 0 1
4013 0 1
4014 0 1
4015 0 1
4016 0 1
4017 0 1
4018 0 1
4019 0 1
4020 0 1
4021 0 1
4022 0 1
4023 0 1
4024 0 1
4025 0 1
4026 0 1
4027 0 1
4028 0 1
4029 0 1
4030 0 1
4031 0 1
4032 0 1
4033 0 1
4034 0 1
4035 0 1
4036 0 1
4037 0 1
4038 0 1
4039 0 1
4040 0 1
4041 0 1
4042 0 1
4043 0 1
4044 0 1
4045 0 1
4046 0 1
4047 0 1
4048 0 1
4049 0 1
4050 0 1
4051 0 1
4052 0 1
4053 0 1
4054 0 1
4055 0 1
4056 0 1
4057 0 1
4058 0 1
4059 0 1
4060 0 1
4061 0 1
4062 0 1
4063 0 1
4064 0 1
4065 0 1
4066 0 1
4067 0 1
4068 0 1
4069 0 1
4070 0 1
4071 0 1
4072 0 1
4073 0 1
4074 0 1
4075 0 1
4076 0 1
4077 0 1
4078 0 1
4079 0 1
4080 0 1
4081 0 1
4082 0 1
4083 0 1
4084 0 1
4085 0 1
4086 0 1
4087 0 1
4088 0 1
4089 0 1
4090 0 1
4091 0 1
4092 0 1
4093 0 1
4094 0 1
4095 0 1
0 127 1
1 127 1
2 127 1
3 127 1
4 127 1
5 127 1
6 127 1
7 127 1
8 127 1
9 127 1
10 127 1
11 127 1
12 127 1
13 127 1
14 127 1
15 127 1
16 127 1
17 127 1
18 127 1
19 127 1
20 127 1
21 127 1
22 127 1
23 127 1
24 127 1
25 127 1
26 127 1
27 127 1
28 127 1
29 127 1
30 127 1
31 127 1
32 127 1
33 127 1
34 127 1
35 127 1
36 127 1
37 127 1
38 127 1
39 127 1
40 127 1
41 127 1
42 127 1
43 127 1
44 127 1
45 127 1
46 127 1
47 127 1
48 127 1
49 127 1
50 127 1
51 127 1
52 127 1
53 127 1
54 127 1
55 127 1
56 127 1
57 127 1
58 127 1
59 127 1
60 127 1
61 127 1
62 127 1
63 127 1
64 127 1
65 127 1
66 127 1
67 127 1
68 127 1
69 127 1
70 127 1
71 127 1
72 127 1
73 127 1
74 127 1
75 127 1
76 127 1
77 127 1
78 127 1
79 127 1
80 127 1
81 127 1
82 127 1
83 127 1
84 127 1
85 127 1
86 127 1
87 127 1
88 127 1
89 127 1
90 127 1
91 127 1
92 127 1
93 127 1
94 127 1
95 127 1
96 127 1
97 127 1
98 127 1
99 127 1
100 127 1
101 127 1
102 127 1
103 127 1
104 127 1
105 127 1
106 127 1
107 127 1
108 127 1
109 127 1
110 127 1
111 127 1
112 127 1
113 127 1
114 127 1
115 127 1
116 127 1
117 127 1
118 127 1
119 127 1
120 127 1
121 127 1
122 127 1
123 127 1
124 127 1
125 127 1
126 127 1
127 127 1
128 127 1
129 127 1
130 127 1
131 127 1
132 127 1
133 127 1
134 127 1
135 127 1
136 127 1
137 127 1
138 127 1
139 127 1
140 127 1
141 127 1
142 127 1
143 127 1
144 127 1
145 127 1
146 127 1
147 127 1
148 127 1
149 127 1
150 127 1
151 127 1
152 127 1
153 127 1
154 127 1
155 127 1
156 127 1
157 127 1
158 127 1
159 127 1
160 127 1
161 127 1
162 127 1
163 127 1
164 127 1
165 127 1
166 127 1
167 127 1
168 127 1
169 127 1
170 127 1
171 127 1
172 127 1
173 127 1
174 127 1
175 127 1
176 127 1
177 127 1
178 127 1
179 127 1
180 127 1
181 127 1
182 127 1
183 127 1
184 127 1
185 127 1
186 127 1
187 127 1
188 127 1
189 127 1
190 127 1
191 127 1
192 127 1
193 127 1
194 127 1
195 127 1
196 127 1
197 127 1
198 127 1
199 127 1
200 127 1
201 127 1
202 127 1
203 127 1
204 127 1
205 127 1
206 127 1
207 127 1
208 127 1
209 127 1
210 127 1
211 127 1
212 127 1
213 127 1
214 127 1
215 127 1
216 127 1
217 127 1
218 127 1
219 127 1
220 127 1
221 127 1
222 127 1
223 127 1
224 127 1
225 127 1
226 127 1
227 127 1
228 127 1
229 127 1
230 127 1
231 127 1
232 127 1
233 127 1
234 127 1
235 127 1
236 127 1
237 127 1
238 127 1
239 127 1
240 127 1
241 127 1
242 127 1
243 127 1
244 127 1
245 127 1
246 127 1
247 127 1
248 127 1
249 127 1
250 127 1
251 127 1
252 127 1
253 127 1
254 127 1
255 127 1
256 127 1
257 127 1
258 127 1
259 127 1
260 127 1
261 127 1
262 127 1
263 127 1
264 127 1
265 127 1
266 127 1
267 127 1
268 127 1
269 127 1
270 127 1
271 127 1
272 127 1
273 127 1
274 127 1
275 127 1
276 127 1
277 127 1
278 127 1
279 127 1
280 127 1
281 127 1
282 127 1
283 127 1
284 127 1
285 127 1
286 127 1
287 127 1
288 127 1
289 127 1
290 127 1
291 127 1
292 127 1
293 127 1
294 127 1
295 127 1
296 127 1
297 127 1
298 127 1
299 127 1
300 127 1
301 127 1
302 127 1
303 127 1
304 127 1
305 127 1
306 127 1
307 127 1
308 127 1
309 127 1
310 127 1
311 127 1
312 127 1
313 127 1
314 127 1
315 127 1
316 127 1
317 127 1
318 127 1
319 127 1
320 127 1
321 127 1
322 127 1
323 127 1
324 127 1
325 127 1
326 127 1
327 127 1
328 127 1
329 127 1
330 127 1
331 127 1
332 127 1
333 127 1
334 127 1
335 127 1
336 127 1
337 127 1
338 127 1
339 127 1
340 127 1
341 127 1
342 127 1
343 127 1
344 127 1
345 127 1
346 127 1
347 127 1
348 127 1
349 127 1
350 127 1
351 127 1
352 127 1
353 127 1
354 127 1
355 127 1
356 127 1
357 127 1
358 127 1
359 127 1
360 127 1
361 127 1
362 127 1
363 127 1
364 127 1
365 127 1
366 127 1
367 127 1
368 127 1
369 127 1
370 127 1
371 127 1
372 127 1
373 127 1
374 127 1
375 127 1
376 127 1
377 127 1
378 127 1
379 127 1
380 127 1
381 127 1
382 127 1
383 127 1
384 127 1
385 127 1
386 127 1
387 127 1
388 127 1
389 127 1
390 127 1
391 127 1
392 127 1
393 127 1
394 127 1
395 127 1
396 127 1
397 127 1
398 127 1
399 127 1
400 127 1
401 127 1
402 127 1
403 127 1
404 127 1
405 127 1
406 127 1
407 127 1
408 127 1
409 127 1
410 127 1
411 127 1
412 127 1
413 127 1
414 127 1
415 127 1
416 127 1
417 127 1
418 127 1
419 127 1
420 127 1
421 127 1
422 127 1
423 127 1
424 127 1
425 127 1
426 127 1
427 127 1
428 127 1
429 127 1
430 127 1
431 127 1
432 127 1
433 127 1
434 127 1
435 127 1
436 127 1
437 127 1
438 127 1
439 127 1
440 127 1
441 127 1
442 127 1
443 127 1
444 127 1
445 127 1
446 127 1
447 127 1
448 127 1
449 127 1
450 127 1
451 127 1
452 127 1
453 127 1
454 127 1
455 127 1
456 127 1
457 127 1
458 127 1
459 127 1
460 127 1
461 127 1
462 127 1
463 127 1
464 127 1
465 127 1
466 127 1
467 127 1
468 127 1
469 127 1
470 127 1
471 127 1
472 127 1
473 127 1
474 127 1
475 127 1
476 127 1
477 127 1
478 127 1
479 127 1
480 127 1
481 127 1
482 127 1
483 127 1
484 127 1
485 127 1
486 127 1
487 127 1
488 127 1
489 127 1
490 127 1
491 127 1
492 127 1
493 127 1
494 127 1
495 127 1
496 127 1
497 127 1
498 127 1
499 127 1
500 127 1
501 127 1
502 127 1
503 127 1
504 127 1
505 127 1
506 127 1
507 127 1
508 127 1
509 127 1
510 127 1
511 127 1
512 127 1
513 127 1
514 127 1
515 127 1
516 127 1
517 127 1
518 127 1
519 127 1
520 127 1
521 127 1
522 127 1
523 127 1
524 127 1
525 127 1
526 127 1
527 127 1
528 127 1
529 127 1
530 127 1
531 127 1
532 127 1
533 127 1
534 127 1
535 127 1
536 127 1
537 127 1
538 127 1
539 127 1
540 127 1
541 127 1
542 127 1
543 127 1
544 127 1
545 127 1
546 127 1
547 127 1
548 127 1
549 127 1
550 127 1
551 127 1
552 127 1
553 127 1
554 127 1
555 127 1
556 127 1
557 127 1
558 127 1
559 127 1
560 127 1
561 127 1
562 127 1
563 127 1
564 127 1
565 127 1
566 127 1
567 127 1
568 127 1
569 127 1
570 127 1
571 127 1
572 127 1
573 127 1
574 127 1
575 127 1
576 127 1
577 127 1
578 127 1
579 127 1
580 127 1
581 127 1
582 127 1
583 127 1
584 127 1
585 127 1
586 127 1
587 127 1
588 127 1
589 127 1
590 127 1
591 127 1
592 127 1
593 127 1
594 127 1
595 127 1
596 127 1
597 127 1
598 127 1
599 127 1
600 127 1
601 127 1
602 127 1
603 127 1
604 127 1
605 127 1
606 127 1
607 127 1
608 127 1
609 127 1
610 127 1
611 127 1
612 127 1
613 127 1
614 127 1
615 127 1
616 127 1
617 127 1
618 127 1
619 127 1
620 127 1
621 127 1
622 127 1
623 127 1
624 127 1
625 127 1
626 127 1
627 127 1
628 127 1
629 127 1
630 127 1
631 127 1
632 127 1
633 127 1
634 127 1
635 127 1
636 127 1
637 127 1
638 127 1
639 127 1
640 127 1
641 127 1
642 127 1
643 127 1
644 127 1
645 127 1
646 127 1
647 127 1
648 127 1
649 127 1
650 127 1
651 127 1
652 127 1
653 127 1
654 127 1
655 127 1
656 127 1
657 127 1
658 127 1
659 127 1
660 127 1
661 127 1
662 127 1
663 127 1
664 127 1
665 127 1
666 127 1
667 127 1
668 127 1
669 127 1
670 127 1
671 127 1
672 127 1
673 127 1
674 127 1
675 127 1
676 127 1
677 127 1
678 127 1
679 127 1
680 127 1
681 127 1
682 127 1
683 127 1
684 127 1
685 127 1
686 127 1
687 127 1
688 127 1
689 127 1
690 127 1
691 127 1
692 127 1
693 127 1
694 127 1
695 127 1
696 127 1
697 127 1
698 127 1
699 127 1
700 127 1
701 127 1
702 127 1
703 127 1
704 127 1
705 127 1
706 127 1
707 127 1
708 127 1
709 127 1
710 127 1
711 127 1
712 127 1
713 127 1
714 127 1
715 127 1
716 127 1
717 127 1
718 127 1
719 127 1
720 127 1
721 127 1
722 127 1
723 127 1
724 127 1
725 127 1
726 127 1
727 127 1
728 127 1
729 127 1
730 127 1
731 127 1
732 127 1
733 127 1
734 127 1
735 127 1
736 127 1
737 127 1
738 127 1
739 127 1
740 127 1
741 127 1
742 127 1
743 127 1
744 127 1
745 127 1
746 127 1
747 127 1
748 127 1
749 127 1
750 127 1
751 127 1
752 127 1
753 127 1
754 127 1
755 127 1
756 127 1
757 127 1
758 127 1
759 127 1
760 127 1
761 127 1
762 127 1
763 127 1
764 127 1
765 127 1
766 127 1
767 127 1
768 127 1
769 127 1
770 127 1
771 127 1
772 127 1
773 127 1
774 127 1
775 127 1
776 127 1
777 127 1
778 127 1
779 127 1
780 127 1
781 127 1
782 127 1
783 127 1
784 127 1
785 127 1
786 127 1
787 127 1
788 127 1
789 127 1
790 127 1
791 127 1
792 127 1
793 127 1
794 127 1
795 127 1
796 127 1
797 127 1
798 127 1
799 127 1
800 127 1
801 127 1
802 127 1
803 127 1
804 127 1
805 127 1
806 127 1
807 127 1
808 127 1
809 127 1
810 127 1
811 127 1
812 127 1
813 127 1
814 127 1
815 127 1
816 127 1
817 127 1
818 127 1
819 127 1
820 127 1
821 127 1
822 127 1
823 127 1
824 127 1
825 127 1
826 127 1
827 127 1
828 127 1
829 127 1
830 127 1
831 127 1
832 127 1
833 127 1
834 127 1
835 127 1
836 127 1
837 127 1
838 127 1
839 127 1
840 127 1
841 127 1
842 127 1
843 127 1
844 127 1
845 127 1
846 127 1
847 127 1
848 127 1
849 127 1
850 127 1
851 127 1
852 127 1
853 127 1
854 127 1
855 127 1
856 127 1
857 127 1
858 127 1
859 127 1
860 127 1
861 127 1
862 127 1
863 127 1
864 127 1
865 127 1
866 127 1
867 127 1
868 127 1
869 127 1
870 127 1
871 127 1
872 127 1
873 127 1
874 127 1
875 127 1
876 127 1
877 127 1
878 127 1
879 127 1
880 127 1
881 127 1
882 127 1
883 127 1
884 127 1
885 127 1
886 127 1
887 127 1
888 127 1
889 127 1
890 127 1
891 127 1
892 127 1
893 127 1
894 127 1
895 127 1
896 127 1
897 127 1
898 127 1
899 127 1
900 127 1
901 127 1
902 127 1
903 127 1
904 127 1
905 127 1
906 127 1
907 127 1
908 127 1
909 127 1
910 127 1
911 127 1
912 127 1
913 127 1
914 127 1
915 127 1
916 127 1
917 127 1
918 127 1
919 127 1
920 127 1
921 127 1
922 127 1
923 127 1
924 127 1
925 127 1
926 127 1
927 127 1
928 127 1
929 127 1
930 127 1
931 127 1
932 127 1
933 127 1
934 127 1
935 127 1
936 127 1
937 127 1
938 127 1
939 127 1
940 127 1
941 127 1
942 127 1
943 127 1
944 127 1
945 127 1
946 127 1
947 127 1
948 127 1
949 127 1
950 127 1
951 127 1
952 127 1
953 127 1
954 127 1
955 127 1
956 127 1
957 127 1
958 127 1
959 127 1
960 127 1
961 127 1
962 127 1
963 127 1
964 127 1
965 127 1
966 127 1
967 127 1
968 127 1
969 127 1
970 127 1
971 127 1
972 127 1
973 127 1
974 127 1
975 127 1
976 127 1
977 127 1
978 127 1
979 127 1
980 127 1
981 127 1
982 127 1
983 127 1
984 127 1
985 127 1
986 127 1
987 127 1
988 127 1
989 127 1
990 127 1
991 127 1
992 127 1
993 127 1
994 127 1
995 127 1
996 127 1
997 127 1
998 127 1
999 127 1
1000 127 1
1001 127 1
1002 127 1
1003 127 1
1004 127 1
1005 127 1
1006 127 1
1007 127 1
1008 127 1
1009 127 1
1010 127 1
1011 127 1
1012 127 1
1013 127 1
1014 127 1
1015 127 1
1016 127 1
1017 127 1
1018 127 1
1019 127 1
1020 127 1
1021 127 1
1022 127 1
1023 127 1
1024 127 1
1025 127 1
1026 127 1
1027 127 1
1028 127 1
1029 127 1
1030 127 1
1031 127 1
1032 127 1
1033 127 1
1034 127 1
1035 127 1
1036 127 1
1037 127 1
1038 127 1
1039 127 1
1040 127 1
1041 127 1
1042 127 1
1043 127 1
1044 127 1
1045 127 1
1046 127 1
1047 127 1
1048 127 1
1049 127 1
1050 127 1
1051 127 1
1052 127 1
1053 127 1
1054 127 1
1055 127 1
1056 127 1
1057 127 1
1058 127 1
1059 127 1
1060 127 1
1061 127 1
1062 127 1
1063 127 1
1064 127 1
1065 127 1
1066 127 1
1067 127 1
1068 127 1
1069 127 1
1070 127 1
1071 127 1
1072 127 1
1073 127 1
1074 127 1
1075 127 1
1076 127 1
1077 127 1
1078 127 1
1079 127 1
1080 127 1
1081 127 1
1082 127 1
1083 127 1
1084 127 1
1085 127 1
1086 127 1
1087 127 1
1088 127 1
1089 127 1
1090 127 1
1091 127 1
1092 127 1
1093 127 1
1094 127 1
1095 127 1
1096 127 1
1097 127 1
1098 127 1
1099 127 1
1100 127 1
1101 127 1
1102 127 1
1103 127 1
1104 127 1
1105 127 1
1106 127 1
1107 127 1
1108 127 1
1109 127 1
1110 127 1
1111 127 1
1112 127 1
1113 127 1
1114 127 1
1115 127 1
1116 127 1
1117 127 1
1118 127 1
1119 127 1
1120 127 1
1121 127 1
1122 127 1
1123 127 1
1124 127 1
1125 127 1
1126 127 1
1127 127 1
1128 127 1
1129 127 1
1130 127 1
1131 127 1
1132 127 1
1133 127 1
1134 127 1
1135 127 1
1136 127 1
1137 127 1
1138 127 1
1139 127 1
1140 127 1
1141 127 1
1142 127 1
1143 127 1
1144 127 1
1145 127 1
1146 127 1
1147 127 1
1148 127 1
1149 127 1
1150 127 1
1151 127 1
1152 127 1
1153 127 1
1154 127 1
1155 127 1
1156 127 1
1157 127 1
1158 127 1
1159 127 1
1160 127 1
1161 127 1
1162 127 1
1163 127 1
1164 127 1
1165 127 1
1166 127 1
1167 127 1
1168 127 1
1169 127 1
1170 127 1
1171 127 1
1172 127 1
1173 127 1
1174 127 1
1175 127 1
1176 127 1
1177 127 1
1178 127 1
1179 127 1
1180 127 1
1181 127 1
1182 127 1
1183 127 1
1184 127 1
1185 127 1
1186 127 1
1187 127 1
1188 127 1
1189 127 1
1190 127 1
1191 127 1
1192 127 1
1193 127 1
1194 127 1
1195 127 1
1196 127 1
1197 127 1
1198 127 1
1199 127 1
1200 127 1
1201 127 1
1202 127 1
1203 127 1
1204 127 1
1205 127 1
1206 127 1
1207 127 1
1208 127 1
1209 127 1
1210 127 1
1211 127 1
1212 127 1
1213 127 1
1214 127 1
1215 127 1
1216 127 1
1217 127 1
1218 127 1
1219 127 1
1220 127 1
1221 127 1
1222 127 1
1223 127 1
1224 127 1
1225 127 1
1226 127 1
1227 127 1
1228 127 1
1229 127 1
1230 127 1
1231 127 1
1232 127 1
1233 127 1
1234 127 1
1235 127 1
1236 127 1
1237 127 1
1238 127 1
1239 127 1
1240 127 1
1241 127 1
1242 127 1
1243 127 1
1244 127 1
1245 127 1
1246 127 1
1247 127 1
1248 127 1
1249 127 1
1250 127 1
1251 127 1
1252 127 1
1253 127 1
1254 127 1
1255 127 1
1256 127 1
1257 127 1
1258 127 1
1259 127 1
1260 127 1
1261 127 1
1262 127 1
1263 127 1
1264 127 1
1265 127 1
1266 127 1
1267 127 1
1268 127 1
1269 127 1
1270 127 1
1271 127 1
1272 127 1
1273 127 1
1274 127 1
1275 127 1
1276 127 1
1277 127 1
1278 127 1
1279 127 1
1280 127 1
1281 127 1
1282 127 1
1283 127 1
1284 127 1
1285 127 1
1286 127 1
1287 127 1
1288 127 1
1289 127 1
1290 127 1
1291 127 1
1292 127 1
1293 127 1
1294 127 1
1295 127 1
1296 127 1
1297 127 1
1298 127 1
1299 127 1
1300 127 1
1301 127 1
1302 127 1
1303 127 1
1304 127 1
1305 127 1
1306 127 1
1307 127 1
1308 127 1
1309 127 1
1310 127 1
1311 127 1
1312 127 1
1313 127 1
1314 127 1
1315 127 1
1316 127 1
1317 127 1
1318 127 1
1319 127 1
1320 127 1
1321 127 1
1322 127 1
1323 127 1
1324 127 1
1325 127 1
1326 127 1
1327 127 1
1328 127 1
1329 127 1
1330 127 1
1331 127 1
1332 127 1
1333 127 1
1334 127 1
1335 127 1
1336 127 1
1337 127 1
1338 127 1
1339 127 1
1340 127 1
1341 127 1
1342 127 1
1343 127 1
1344 127 1
1345 127 1
1346 127 1
1347 127 1
1348 127 1
1349 127 1
1350 127 1
1351 127 1
1352 127 1
1353 127 1
1354 127 1
1355 127 1
1356 127 1
1357 127 1
1358 127 1
1359 127 1
1360 127 1
1361 127 1
1362 127 1
1363 127 1
1364 127 1
1365 127 1
1366 127 1
1367 127 1
1368 127 1
1369 127 1
1370 127 1
1371 127 1
1372 127 1
1373 127 1
1374 127 1
1375 127 1
1376 127 1
1377 127 1
1378 127 1
1379 127 1
1380 127 1
1381 127 1
1382 127 1
1383 127 1
1384 127 1
1385 127 1
1386 127 1
1387 127 1
1388 127 1
1389 127 1
1390 127 1
1391 127 1
1392 127 1
1393 127 1
1394 127 1
1395 127 1
1396 127 1
1397 127 1
1398 127 1
1399 127 1
1400 127 1
1401 127 1
1402 127 1
1403 127 1
1404 127 1
1405 127 1
1406 127 1
1407 127 1
1408 127 1
1409 127 1
1410 127 1
1411 127 1
1412 127 1
1413 127 1
1414 127 1
1415 127 1
1416 127 1
1417 127 1
1418 127 1
1419 127 1
1420 127 1
1421 127 1
1422 127 1
1423 127 1
1424 127 1
1425 127 1
1426 127 1
1427 127 1
1428 127 1
1429 127 1
1430 127 1
1431 127 1
1432 127 1
1433 127 1
1434 127 1
1435 127 1
1436 127 1
1437 127 1
1438 127 1
1439 127 1
1440 127 1
1441 127 1
1442 127 1
1443 127 1
1444 127 1
1445 127 1
1446 127 1
1447 127 1
1448 127 1
1449 127 1
1450 127 1
1451 127 1
1452 127 1
1453 127 1
1454 127 1
1455 127 1
1456 127 1
1457 127 1
1458 127 1
1459 127 1
1460 127 1
1461 127 1
1462 127 1
1463 127 1
1464 127 1
1465 127 1
1466 127 1
1467 127 1
1468 127 1
1469 127 1
1470 127 1
1471 127 1
1472 127 1
1473 127 1
1474 127 1
1475 127 1
1476 127 1
1477 127 1
1478 127 1
1479 127 1
1480 127 1
1481 127 1
1482 127 1
1483 127 1
1484 127 1
1485 127 1
1486 127 1
1487 127 1
1488 127 1
1489 127 1
1490 127 1
1491 127 1
1492 127 1
1493 127 1
1494 127 1
1495 127 1
1496 127 1
1497 127 1
1498 127 1
1499 127 1
1500 127 1
1501 127 1
1502 127 1
1503 127 1
1504 127 1
1505 127 1
1506 127 1
1507 127 1
1508 127 1
1509 127 1
1510 127 1
1511 127 1
1512 127 1
1513 127 1
1514 127 1
1515 127 1
1516 127 1
1517 127 1
1518 127 1
1519 127 1
1520 127 1
1521 127 1
1522 127 1
1523 127 1
1524 127 1
1525 127 1
1526 127 1
1527 127 1
1528 127 1
1529 127 1
1530 127 1
1531 127 1
1532 127 1
1533 127 1
1534 127 1
1535 127 1
1536 127 1
1537 127 1
1538 127 1
1539 127 1
1540 127 1
1541 127 1
1542 127 1
1543 127 1
1544 127 1
1545 127 1
1546 127 1
1547 127 1
1548 127 1
1549 127 1
1550 127 1
1551 127 1
1552 127 1
1553 127 1
1554 127 1
1555 127 1
1556 127 1
1557 127 1
1558 127 1
1559 127 1
1560 127 1
1561 127 1
1562 127 1
1563 127 1
1564 127 1
1565 127 1
1566 127 1
1567 127 1
1568 127 1
1569 127 1
1570 127 1
1571 127 1
1572 127 1
1573 127 1
1574 127 1
1575 127 1
1576 127 1
1577 127 1
1578 127 1
1579 127 1
1580 127 1
1581 127 1
1582 127 1
1583 127 1
1584 127 1
1585 127 1
1586 127 1
1587 127 1
1588 127 1
1589 127 1
1590 127 1
1591 127 1
1592 127 1
1593 127 1
1594 127 1
1595 127 1
1596 127 1
1597 127 1
1598 127 1
1599 127 1
1600 127 1
1601 127 1
1602 127 1
1603 127 1
1604 127 1
1605 127 1
1606 127 1
1607 127 1
1608 127 1
1609 127 1
1610 127 1
1611 127 1
1612 127 1
1613 127 1
1614 127 1
1615 127 1
1616 127 1
1617 127 1
1618 127 1
1619 127 1
1620 127 1
1621 127 1
1622 127 1
1623 127 1
1624 127 1
1625 127 1
1626 127 1
1627 127 1
1628 127 1
1629 127 1
1630 127 1
1631 127 1
1632 127 1
1633 127 1
1634 127 1
1635 127 1
1636 127 1
1637 127 1
1638 127 1
1639 127 1
1640 127 1
1641 127 1
1642 127 1
1643 127 1
1644 127 1
1645 127 1
1646 127 1
1647 127 1
1648 127 1
1649 127 1
1650 127 1
1651 127 1
1652 127 1
1653 127 1
1654 127 1
1655 127 1
1656 127 1
1657 127 1
1658 127 1
1659 127 1
1660 127 1
1661 127 1
1662 127 1
1663 127 1
1664 127 1
1665 127 1
1666 127 1
1667 127 1
1668 127 1
1669 127 1
1670 127 1
1671 127 1
1672 127 1
1673 127 1
1674 127 1
1675 127 1
1676 127 1
1677 127 1
1678 127 1
1679 127 1
1680 127 1
1681 127 1
1682 127 1
1683 127 1
1684 127 1
1685 127 1
1686 127 1
1687 127 1
1688 127 1
1689 127 1
1690 127 1
1691 127 1
1692 127 1
1693 127 1
1694 127 1
1695 127 1
1696 127 1
1697 127 1
1698 127 1
1699 127 1
1700 127 1
1701 127 1
1702 127 1
1703 127 1
1704 127 1
1705 127 1
1706 127 1
1707 127 1
1708 127 1
1709 127 1
1710 127 1
1711 127 1
1712 127 1
1713 127 1
1714 127 1
1715 127 1
1716 127 1
1717 127 1
1718 127 1
1719 127 1
1720 127 1
1721 127 1
1722 127 1
1723 127 1
1724 127 1
1725 127 1
1726 127 1
1727 127 1
1728 127 1
1729 127 1
1730 127 1
1731 127 1
1732 127 1
1733 127 1
1734 127 1
1735 127 1
1736 127 1
1737 127 1
1738 127 1
1739 127 1
1740 127 1
1741 127 1
1742 127 1
1743 127 1
1744 127 1
1745 127 1
1746 127 1
1747 127 1
1748 127 1
1749 127 1
1750 127 1
1751 127 1
1752 127 1
1753 127 1
1754 127 1
1755 127 1
1756 127 1
1757 127 1
1758 127 1
1759 127 1
1760 127 1
1761 127 1
1762 127 1
1763 127 1
1764 127 1
1765 127 1
1766 127 1
1767 127 1
1768 127 1
1769 127 1
1770 127 1
1771 127 1
1772 127 1
1773 127 1
1774 127 1
1775 127 1
1776 127 1
1777 127 1
1778 127 1
1779 127 1
1780 127 1
1781 127 1
1782 127 1
1783 127 1
1784 127 1
1785 127 1
1786 127 1
1787 127 1
1788 127 1
1789 127 1
1790 127 1
1791 127 1
1792 127 1
1793 127 1
1794 127 1
1795 127 1
1796 127 1
1797 127 1
1798 127 1
1799 127 1
1800 127 1
1801 127 1
1802 127 1
1803 127 1
1804 127 1
1805 127 1
1806 127 1
1807 127 1
1808 127 1
1809 127 1
1810 127 1
1811 127 1
1812 127 1
1813 127 1
1814 127 1
1815 127 1
1816 127 1
1817 127 1
1818 127 1
1819 127 1
1820 127 1
1821 127 1
1822 127 1
1823 127 1
1824 127 1
1825 127 1
1826 127 1
1827 127 1
1828 127 1
1829 127 1
1830 127 1
1831 127 1
1832 127 1
1833 127 1
1834 127 1
1835 127 1
1836 127 1
1837 127 1
1838 127 1
1839 127 1
1840 127 1
1841 127 1
1842 127 1
1843 127 1
1844 127 1
1845 127 1
1846 127 1
1847 127 1
1848 127 1
1849 127 1
1850 127 1
1851 127 1
1852 127 1
1853 127 1
1854 127 1
1855 127 1
1856 127 1
1857 127 1
1858 127 1
1859 127 1
1860 127 1
1861 127 1
1862 127 1
1863 127 1
1864 127 1
1865 127 1
1866 127 1
1867 127 1
1868 127 1
1869 127 1
1870 127 1
1871 127 1
1872 127 1
1873 127 1
1874 127 1
1875 127 1
1876 127 1
1877 127 1
1878 127 1
1879 127 1
1880 127 1
1881 127 1
1882 127 1
1883 127 1
1884 127 1
1885 127 1
1886 127 1
1887 127 1
1888 127 1
1889 127 1
1890 127 1
1891 127 1
1892 127 1
1893 127 1
1894 127 1
1895 127 1
1896 127 1
1897 127 1
1898 127 1
1899 127 1
1900 127 1
1901 127 1
1902 127 1
1903 127 1
1904 127 1
1905 127 1
1906 127 1
1907 127 1
1908 127 1
1909 127 1
1910 127 1
1911 127 1
1912 127 1
1913 127 1
1914 127 1
1915 127 1
1916 127 1
1917 127 1
1918 127 1
1919 127 1
1920 127 1
1921 127 1
1922 127 1
1923 127 1
1924 127 1
1925 127 1
1926 127 1
1927 127 1
1928 127 1
1929 127 1
1930 127 1
1931 127 1
1932 127 1
1933 127 1
1934 127 1
1935 127 1
1936 127 1
1937 127 1
1938 127 1
1939 127 1
1940 127 1
1941 127 1
1942 127 1
1943 127 1
1944 127 1
1945 127 1
1946 127 1
1947 127 1
1948 127 1
1949 127 1
1950 127 1
1951 127 1
1952 127 1
1953 127 1
1954 127 1
1955 127 1
1956 127 1
1957 127 1
1958 127 1
1959 127 1
1960 127 1
1961 127 1
1962 127 1
1963 127 1
1964 127 1
1965 127 1
1966 127 1
1967 127 1
1968 127 1
1969 127 1
1970 127 1
1971 127 1
1972 127 1
1973 127 1
1974 127 1
1975 127 1
1976 127 1
1977 127 1
1978 127 1
1979 127 1
1980 127 1
1981 127 1
1982 127 1
1983 127 1
1984 127 1
1985 127 1
1986 127 1
1987 127 1
1988 127 1
1989 127 1
1990 127 1
1991 127 1
1992 127 1
1993 127 1
1994 127 1
1995 127 1
1996 127 1
1997 127 1
1998 127 1
1999 127 1
2000 127 1
2001 127 1
2002 127 1
2003 127 1
2004 127 1
2005 127 1
2006 127 1
2007 127 1
2008 127 1
2009 127 1
2010 127 1
2011 127 1
2012 127 1
2013 127 1
2014 127 1
2015 127 1
2016 127 1
2017 127 1
2018 127 1
2019 127 1
2020 127 1
2021 127 1
2022 127 1
2023 127 1
2024 127 1
2025 127 1
2026 127 1
2027 127 1
2028 127 1
2029 127 1
2030 127 1
2031 127 1
2032 127 1
2033 127 1
2034 127 1
2035 127 1
2036 127 1
2037 127 1
2038 127 1
2039 127 1
2040 127 1
2041 127 1
2042 127 1
2043 127 1
2044 127 1
2045 127 1
2046 127 1
2047 127 1
2048 127 1
2049 127 1
2050 127 1
2051 127 1
2052 127 1
2053 127 1
2054 127 1
2055 127 1
2056 127 1
2057 127 1
2058 127 1
2059 127 1
2060 127 1
2061 127 1
2062 127 1
2063 127 1
2064 127 1
2065 127 1
2066 127 1
2067 127 1
2068 127 1
2069 127 1
2070 127 1
2071 127 1
2072 127 1
2073 127 1
2074 127 1
2075 127 1
2076 127 1
2077 127 1
2078 127 1
2079 127 1
2080 127 1
2081 127 1
2082 127 1
2083 127 1
2084 127 1
2085 127 1
2086 127 1
2087 127 1
2088 127 1
2089 127 1
2090 127 1
2091 127 1
2092 127 1
2093 127 1
2094 127 1
2095 127 1
2096 127 1
2097 127 1
2098 127 1
2099 127 1
2100 127 1
2101 127 1
2102 127 1
2103 127 1
2104 127 1
2105 127 1
2106 127 1
2107 127 1
2108 127 1
2109 127 1
2110 127 1
2111 127 1
2112 127 1
2113 127 1
2114 127 1
2115 127 1
2116 127 1
2117 127 1
2118 127 1
2119 127 1
2120 127 1
2121 127 1
2122 127 1
2123 127 1
2124 127 1
2125 127 1
2126 127 1
2127 127 1
2128 127 1
2129 127 1
2130 127 1
2131 127 1
2132 127 1
2133 127 1
2134 127 1
2135 127 1
2136 127 1
2137 127 1
2138 127 1
2139 127 1
2140 127 1
2141 127 1
2142 127 1
2143 127 1
2144 127 1
2145 127 1
2146 127 1
2147 127 1
2148 127 1
2149 127 1
2150 127 1
2151 127 1
2152 127 1
2153 127 1
2154 127 1
2155 127 1
2156 127 1
2157 127 1
2158 127 1
2159 127 1
2160 127 1
2161 127 1
2162 127 1
2163 127 1
2164 127 1
2165 127 1
2166 127 1
2167 127 1
2168 127 1
2169 127 1
2170 127 1
2171 127 1
2172 127 1
2173 127 1
2174 127 1
2175 127 1
2176 127 1
2177 127 1
2178 127 1
2179 127 1
2180 127 1
2181 127 1
2182 127 1
2183 127 1
2184 127 1
2185 127 1
2186 127 1
2187 127 1
2188 127 1
2189 127 1
2190 127 1
2191 127 1
2192 127 1
2193 127 1
2194 127 1
2195 127 1
2196 127 1
2197 127 1
2198 127 1
2199 127 1
2200 127 1
2201 127 1
2202 127 1
2203 127 1
2204 127 1
2205 127 1
2206 127 1
2207 127 1
2208 127 1
2209 127 1
2210 127 1
2211 127 1
2212 127 1
2213 127 1
2214 127 1
2215 127 1
2216 127 1
2217 127 1
2218 127 1
2219 127 1
2220 127 1
2221 127 1
2222 127 1
2223 127 1
2224 127 1
2225 127 1
2226 127 1
2227 127 1
2228 127 1
2229 127 1
2230 127 1
2231 127 1
2232 127 1
2233 127 1
2234 127 1
2235 127 1
2236 127 1
2237 127 1
2238 127 1
2239 127 1
2240 127 1
2241 127 1
2242 127 1
2243 127 1
2244 127 1
2245 127 1
2246 127 1
2247 127 1
2248 127 1
2249 127 1
2250 127 1
2251 127 1
2252 127 1
2253 127 1
2254 127 1
2255 127 1
2256 127 1
2257 127 1
2258 127 1
2259 127 1
2260 127 1
2261 127 1
2262 127 1
2263 127 1
2264 127 1
2265 127 1
2266 127 1
2267 127 1
2268 127 1
2269 127 1
2270 127 1
2271 127 1
2272 127 1
2273 127 1
2274 127 1
2275 127 1
2276 127 1
2277 127 1
2278 127 1
2279 127 1
2280 127 1
2281 127 1
2282 127 1
2283 127 1
2284 127 1
2285 127 1
2286 127 1
2287 127 1
2288 127 1
2289 127 1
2290 127 1
2291 127 1
2292 127 1
2293 127 1
2294 127 1
2295 127 1
2296 127 1
2297 127 1
2298 127 1
2299 127 1
2300 127 1
2301 127 1
2302 127 1
2303 127 1
2304 127 1
2305 127 1
2306 127 1
2307 127 1
2308 127 1
2309 127 1
2310 127 1
2311 127 1
2312 127 1
2313 127 1
2314 127 1
2315 127 1
2316 127 1
2317 127 1
2318 127 1
2319 127 1
2320 127 1
2321 127 1
2322 127 1
2323 127 1
2324 127 1
2325 127 1
2326 127 1
2327 127 1
2328 127 1
2329 127 1
2330 127 1
2331 127 1
2332 127 1
2333 127 1
2334 127 1
2335 127 1
2336 127 1
2337 127 1
2338 127 1
2339 127 1
2340 127 1
2341 127 1
2342 127 1
2343 127 1
2344 127 1
2345 127 1
2346 127 1
2347 127 1
2348 127 1
2349 127 1
2350 127 1
2351 127 1
2352 127 1
2353 127 1
2354 127 1
2355 127 1
2356 127 1
2357 127 1
2358 127 1
2359 127 1
2360 127 1
2361 127 1
2362 127 1
2363 127 1
2364 127 1
2365 127 1
2366 127 1
2367 127 1
2368 127 1
2369 127 1
2370 127 1
2371 127 1
2372 127 1
2373 127 1
2374 127 1
2375 127 1
2376 127 1
2377 127 1
2378 127 1
2379 127 1
2380 127 1
2381 127 1
2382 127 1
2383 127 1
2384 127 1
2385 127 1
2386 127 1
2387 127 1
2388 127 1
2389 127 1
2390 127 1
2391 127 1
2392 127 1
2393 127 1
2394 127 1
2395 127 1
2396 127 1
2397 127 1
2398 127 1
2399 127 1
2400 127 1
2401 127 1
2402 127 1
2403 127 1
2404 127 1
2405 127 1
2406 127 1
2407 127 1
2408 127 1
2409 127 1
2410 127 1
2411 127 1
2412 127 1
2413 127 1
2414 127 1
2415 127 1
2416 127 1
2417 127 1
2418 127 1
2419 127 1
2420 127 1
2421 127 1
2422 127 1
2423 127 1
2424 127 1
2425 127 1
2426 127 1
2427 127 1
2428 127 1
2429 127 1
2430 127 1
2431 127 1
2432 127 1
2433 127 1
2434 127 1
2435 127 1
2436 127 1
2437 127 1
2438 127 1
2439 127 1
2440 127 1
2441 127 1
2442 127 1
2443 127 1
2444 127 1
2445 127 1
2446 127 1
2447 127 1
2448 127 1
2449 127 1
2450 127 1
2451 127 1
2452 127 1
2453 127 1
2454 127 1
2455 127 1
2456 127 1
2457 127 1
2458 127 1
2459 127 1
2460 127 1
2461 127 1
2462 127 1
2463 127 1
2464 127 1
2465 127 1
2466 127 1
2467 127 1
2468 127 1
2469 127 1
2470 127 1
2471 127 1
2472 127 1
2473 127 1
2474 127 1
2475 127 1
2476 127 1
2477 127 1
2478 127 1
2479 127 1
2480 127 1
2481 127 1
2482 127 1
2483 127 1
2484 127 1
2485 127 1
2486 127 1
2487 127 1
2488 127 1
2489 127 1
2490 127 1
2491 127 1
2492 127 1
2493 127 1
2494 127 1
2495 127 1
2496 127 1
2497 127 1
2498 127 1
2499 127 1
2500 127 1
2501 127 1
2502 127 1
2503 127 1
2504 127 1
2505 127 1
2506 127 1
2507 127 1
2508 127 1
2509 127 1
2510 127 1
2511 127 1
2512 127 1
2513 127 1
2514 127 1
2515 127 1
2516 127 1
2517 127 1
2518 127 1
2519 127 1
2520 127 1
2521 127 1
2522 127 1
2523 127 1
2524 127 1
2525 127 1
2526 127 1
2527 127 1
2528 127 1
2529 127 1
2530 127 1
2531 127 1
2532 127 1
2533 127 1
2534 127 1
2535 127 1
2536 127 1
2537 127 1
2538 127 1
2539 127 1
2540 127 1
2541 127 1
2542 127 1
2543 127 1
2544 127 1
2545 127 1
2546 127 1
2547 127 1
2548 127 1
2549 127 1
2550 127 1
2551 127 1
2552 127 1
2553 127 1
2554 127 1
2555 127 1
2556 127 1
2557 127 1
2558 127 1
2559 127 1
2560 127 1
2561 127 1
2562 127 1
2563 127 1
2564 127 1
2565 127 1
2566 127 1
2567 127 1
2568 127 1
2569 127 1
2570 127 1
2571 127 1
2572 127 1
2573 127 1
2574 127 1
2575 127 1
2576 127 1
2577 127 1
2578 127 1
2579 127 1
2580 127 1
2581 127 1
2582 127 1
2583 127 1
2584 127 1
2585 127 1
2586 127 1
2587 127 1
2588 127 1
2589 127 1
2590 127 1
2591 127 1
2592 127 1
2593 127 1
2594 127 1
2595 127 1
2596 127 1
2597 127 1
2598 127 1
2599 127 1
2600 127 1
2601 127 1
2602 127 1
2603 127 1
2604 127 1
2605 127 1
2606 127 1
2607 127 1
2608 127 1
2609 127 1
2610 127 1
2611 127 1
2612 127 1
2613 127 1
2614 127 1
2615 127 1
2616 127 1
2617 127 1
2618 127 1
2619 127 1
2620 127 1
2621 127 1
2622 127 1
2623 127 1
2624 127 1
2625 127 1
2626 127 1
2627 127 1
2628 127 1
2629 127 1
2630 127 1
2631 127 1
2632 127 1
2633 127 1
2634 127 1
2635 127 1
2636 127 1
2637 127 1
2638 127 1
2639 127 1
2640 127 1
2641 127 1
2642 127 1
2643 127 1
2644 127 1
2645 127 1
2646 127 1
2647 127 1
2648 127 1
2649 127 1
2650 127 1
2651 127 1
2652 127 1
2653 127 1
2654 127 1
2655 127 1
2656 127 1
2657 127 1
2658 127 1
2659 127 1
2660 127 1
2661 127 1
2662 127 1
2663 127 1
2664 127 1
2665 127 1
2666 127 1
2667 127 1
2668 127 1
2669 127 1
2670 127 1
2671 127 1
2672 127 1
2673 127 1
2674 127 1
2675 127 1
2676 127 1
2677 127 1
2678 127 1
2679 127 1
2680 127 1
2681 127 1
2682 127 1
2683 127 1
2684 127 1
2685 127 1
2686 127 1
2687 127 1
2688 127 1
2689 127 1
2690 127 1
2691 127 1
2692 127 1
2693 127 1
2694 127 1
2695 127 1
2696 127 1
2697 127 1
2698 127 1
2699 127 1
2700 127 1
2701 127 1
2702 127 1
2703 127 1
2704 127 1
2705 127 1
2706 127 1
2707 127 1
2708 127 1
2709 127 1
2710 127 1
2711 127 1
2712 127 1
2713 127 1
2714 127 1
2715 127 1
2716 127 1
2717 127 1
2718 127 1
2719 127 1
2720 127 1
2721 127 1
2722 127 1
2723 127 1
2724 127 1
2725 127 1
2726 127 1
2727 127 1
2728 127 1
2729 127 1
2730 127 1
2731 127 1
2732 127 1
2733 127 1
2734 127 1
2735 127 1
2736 127 1
2737 127 1
2738 127 1
2739 127 1
2740 127 1
2741 127 1
2742 127 1
2743 127 1
2744 127 1
2745 127 1
2746 127 1
2747 127 1
2748 127 1
2749 127 1
2750 127 1
2751 127 1
2752 127 1
2753 127 1
2754 127 1
2755 127 1
2756 127 1
2757 127 1
2758 127 1
2759 127 1
2760 127 1
2761 127 1
2762 127 1
2763 127 1
2764 127 1
2765 127 1
2766 127 1
2767 127 1
2768 127 1
2769 127 1
2770 127 1
2771 127 1
2772 127 1
2773 127 1
2774 127 1
2775 127 1
2776 127 1
2777 127 1
2778 127 1
2779 127 1
2780 127 1
2781 127 1
2782 127 1
2783 127 1
2784 127 1
2785 127 1
2786 127 1
2787 127 1
2788 127 1
2789 127 1
2790 127 1
2791 127 1
2792 127 1
2793 127 1
2794 127 1
2795 127 1
2796 127 1
2797 127 1
2798 127 1
2799 127 1
2800 127 1
2801 127 1
2802 127 1
2803 127 1
2804 127 1
2805 127 1
2806 127 1
2807 127 1
2808 127 1
2809 127 1
2810 127 1
2811 127 1
2812 127 1
2813 127 1
2814 127 1
2815 127 1
2816 127 1
2817 127 1
2818 127 1
2819 127 1
2820 127 1
2821 127 1
2822 127 1
2823 127 1
2824 127 1
2825 127 1
2826 127 1
2827 127 1
2828 127 1
2829 127 1
2830 127 1
2831 127 1
2832 127 1
2833 127 1
2834 127 1
2835 127 1
2836 127 1
2837 127 1
2838 127 1
2839 127 1
2840 127 1
2841 127 1
2842 127 1
2843 127 1
2844 127 1
2845 127 1
2846 127 1
2847 127 1
2848 127 1
2849 127 1
2850 127 1
2851 127 1
2852 127 1
2853 127 1
2854 127 1
2855 127 1
2856 127 1
2857 127 1
2858 127 1
2859 127 1
2860 127 1
2861 127 1
2862 127 1
2863 127 1
2864 127 1
2865 127 1
2866 127 1
2867 127 1
2868 127 1
2869 127 1
2870 127 1
2871 127 1
2872 127 1
2873 127 1
2874 127 1
2875 127 1
2876 127 1
2877 127 1
2878 127 1
2879 127 1
2880 127 1
2881 127 1
2882 127 1
2883 127 1
2884 127 1
2885 127 1
2886 127 1
2887 127 1
2888 127 1
2889 127 1
2890 127 1
2891 127 1
2892 127 1
2893 127 1
2894 127 1
2895 127 1
2896 127 1
2897 127 1
2898 127 1
2899 127 1
2900 127 1
2901 127 1
2902 127 1
2903 127 1
2904 127 1
2905 127 1
2906 127 1
2907 127 1
2908 127 1
2909 127 1
2910 127 1
2911 127 1
2912 127 1
2913 127 1
2914 127 1
2915 127 1
2916 127 1
2917 127 1
2918 127 1
2919 127 1
2920 127 1
2921 127 1
2922 127 1
2923 127 1
2924 127 1
2925 127 1
2926 127 1
2927 127 1
2928 127 1
2929 127 1
2930 127 1
2931 127 1
2932 127 1
2933 127 1
2934 127 1
2935 127 1
2936 127 1
2937 127 1
2938 127 1
2939 127 1
2940 127 1
2941 127 1
2942 127 1
2943 127 1
2944 127 1
2945 127 1
2946 127 1
2947 127 1
2948 127 1
2949 127 1
2950 127 1
2951 127 1
2952 127 1
2953 127 1
2954 127 1
2955 127 1
2956 127 1
2957 127 1
2958 127 1
2959 127 1
2960 127 1
2961 127 1
2962 127 1
2963 127 1
2964 127 1
2965 127 1
2966 127 1
2967 127 1
2968 127 1
2969 127 1
2970 127 1
2971 127 1
2972 127 1
2973 127 1
2974 127 1
2975 127 1
2976 127 1
2977 127 1
2978 127 1
2979 127 1
2980 127 1
2981 127 1
2982 127 1
2983 127 1
2984 127 1
2985 127 1
2986 127 1
2987 127 1
2988 127 1
2989 127 1
2990 127 1
2991 127 1
2992 127 1
2993 127 1
2994 127 1
2995 127 1
2996 127 1
2997 127 1
2998 127 1
2999 127 1
3000 127 1
3001 127 1
3002 127 1
3003 127 1
3004 127 1
3005 127 1
3006 127 1
3007 127 1
3008 127 1
3009 127 1
3010 127 1
3011 127 1
3012 127 1
3013 127 1
3014 127 1
3015 127 1
3016 127 1
3017 127 1
3018 127 1
3019 127 1
3020 127 1
3021 127 1
3022 127 1
3023 127 1
3024 127 1
3025 127 1
3026 127 1
3027 127 1
3028 127 1
3029 127 1
3030 127 1
3031 127 1
3032 127 1
3033 127 1
3034 127 1
3035 127 1
3036 127 1
3037 127 1
3038 127 1
3039 127 1
3040 127 1
3041 127 1
3042 127 1
3043 127 1
3044 127 1
3045 127 1
3046 127 1
3047 127 1
3048 127 1
3049 127 1
3050 127 1
3051 127 1
3052 127 1
3053 127 1
3054 127 1
3055 127 1
3056 127 1
3057 127 1
3058 127 1
3059 127 1
3060 127 1
3061 127 1
3062 127 1
3063 127 1
3064 127 1
3065 127 1
3066 127 1
3067 127 1
3068 127 1
3069 127 1
3070 127 1
3071 127 1
3072 127 1
3073 127 1
3074 127 1
3075 127 1
3076 127 1
3077 127 1
3078 127 1
3079 127 1
3080 127 1
3081 127 1
3082 127 1
3083 127 1
3084 127 1
3085 127 1
3086 127 1
3087 127 1
3088 127 1
3089 127 1
3090 127 1
3091 127 1
3092 127 1
3093 127 1
3094 127 1
3095 127 1
3096 127 1
3097 127 1
3098 127 1
3099 127 1
3100 127 1
3101 127 1
3102 127 1
3103 127 1
3104 127 1
3105 127 1
3106 127 1
3107 127 1
3108 127 1
3109 127 1
3110 127 1
3111 127 1
3112 127 1
3113 127 1
3114 127 1
3115 127 1
3116 127 1
3117 127 1
3118 127 1
3119 127 1
3120 127 1
3121 127 1
3122 127 1
3123 127 1
3124 127 1
3125 127 1
3126 127 1
3127 127 1
3128 127 1
3129 127 1
3130 127 1
3131 127 1
3132 127 1
3133 127 1
3134 127 1
3135 127 1
3136 127 1
3137 127 1
3138 127 1
3139 127 1
3140 127 1
3141 127 1
3142 127 1
3143 127 1
3144 127 1
3145 127 1
3146 127 1
3147 127 1
3148 127 1
3149 127 1
3150 127 1
3151 127 1
3152 127 1
3153 127 1
3154 127 1
3155 127 1
3156 127 1
3157 127 1
3158 127 1
3159 127 1
3160 127 1
3161 127 1
3162 127 1
3163 127 1
3164 127 1
3165 127 1
3166 127 1
3167 127 1
3168 127 1
3169 127 1
3170 127 1
3171 127 1
3172 127 1
3173 127 1
3174 127 1
3175 127 1
3176 127 1
3177 127 1
3178 127 1
3179 127 1
3180 127 1
3181 127 1
3182 127 1
3183 127 1
3184 127 1
3185 127 1
3186 127 1
3187 127 1
3188 127 1
3189 127 1
3190 127 1
3191 127 1
3192 127 1
3193 127 1
3194 127 1
3195 127 1
3196 127 1
3197 127 1
3198 127 1
3199 127 1
3200 127 1
3201 127 1
3202 127 1
3203 127 1
3204 127 1
3205 127 1
3206 127 1
3207 127 1
3208 127 1
3209 127 1
3210 127 1
3211 127 1
3212 127 1
3213 127 1
3214 127 1
3215 127 1
3216 127 1
3217 127 1
3218 127 1
3219 127 1
3220 127 1
3221 127 1
3222 127 1
3223 127 1
3224 127 1
3225 127 1
3226 127 1
3227 127 1
3228 127 1
3229 127 1
3230 127 1
3231 127 1
3232 127 1
3233 127 1
3234 127 1
3235 127 1
3236 127 1
3237 127 1
3238 127 1
3239 127 1
3240 127 1
3241 127 1
3242 127 1
3243 127 1
3244 127 1
3245 127 1
3246 127 1
3247 127 1
3248 127 1
3249 127 1
3250 127 1
3251 127 1
3252 127 1
3253 127 1
3254 127 1
3255 127 1
3256 127 1
3257 127 1
3258 127 1
3259 127 1
3260 127 1
3261 127 1
3262 127 1
3263 127 1
3264 127 1
3265 127 1
3266 127 1
3267 127 1
3268 127 1
3269 127 1
3270 127 1
3271 127 1
3272 127 1
3273 127 1
3274 127 1
3275 127 1
3276 127 1
3277 127 1
3278 127 1
3279 127 1
3280 127 1
3281 127 1
3282 127 1
3283 127 1
3284 127 1
3285 127 1
3286 127 1
3287 127 1
3288 127 1
3289 127 1
3290 127 1
3291 127 1
3292 127 1
3293 127 1
3294 127 1
3295 127 1
3296 127 1
3297 127 1
3298 127 1
3299 127 1
3300 127 1
3301 127 1
3302 127 1
3303 127 1
3304 127 1
3305 127 1
3306 127 1
3307 127 1
3308 127 1
3309 127 1
3310 127 1
3311 127 1
3312 127 1
3313 127 1
3314 127 1
3315 127 1
3316 127 1
3317 127 1
3318 127 1
3319 127 1
3320 127 1
3321 127 1
3322 127 1
3323 127 1
3324 127 1
3325 127 1
3326 127 1
3327 127 1
3328 127 1
3329 127 1
3330 127 1
3331 127 1
3332 127 1
3333 127 1
3334 127 1
3335 127 1
3336 127 1
3337 127 1
3338 127 1
3339 127 1
3340 127 1
3341 127 1
3342 127 1
3343 127 1
3344 127 1
3345 127 1
3346 127 1
3347 127 1
3348 127 1
3349 127 1
3350 127 1
3351 127 1
3352 127 1
3353 127 1
3354 127 1
3355 127 1
3356 127 1
3357 127 1
3358 127 1
3359 127 1
3360 127 1
3361 127 1
3362 127 1
3363 127 1
3364 127 1
3365 127 1
3366 127 1
3367 127 1
3368 127 1
3369 127 1
3370 127 1
3371 127 1
3372 127 1
3373 127 1
3374 127 1
3375 127 1
3376 127 1
3377 127 1
3378 127 1
3379 127 1
3380 127 1
3381 127 1
3382 127 1
3383 127 1
3384 127 1
3385 127 1
3386 127 1
3387 127 1
3388 127 1
3389 127 1
3390 127 1
3391 127 1
3392 127 1
3393 127 1
3394 127 1
3395 127 1
3396 127 1
3397 127 1
3398 127 1
3399 127 1
3400 127 1
3401 127 1
3402 127 1
3403 127 1
3404 127 1
3405 127 1
3406 127 1
3407 127 1
3408 127 1
3409 127 1
3410 127 1
3411 127 1
3412 127 1
3413 127 1
3414 127 1
3415 127 1
3416 127 1
3417 127 1
3418 127 1
3419 127 1
3420 127 1
3421 127 1
3422 127 1
3423 127 1
3424 127 1
3425 127 1
3426 127 1
3427 127 1
3428 127 1
3429 127 1
3430 127 1
3431 127 1
3432 127 1
3433 127 1
3434 127 1
3435 127 1
3436 127 1
3437 127 1
3438 127 1
3439 127 1
3440 127 1
3441 127 1
3442 127 1
3443 127 1
3444 127 1
3445 127 1
3446 127 1
3447 127 1
3448 127 1
3449 127 1
3450 127 1
3451 127 1
3452 127 1
3453 127 1
3454 127 1
3455 127 1
3456 127 1
3457 127 1
3458 127 1
3459 127 1
3460 127 1
3461 127 1
3462 127 1
3463 127 1
3464 127 1
3465 127 1
3466 127 1
3467 127 1
3468 127 1
3469 127 1
3470 127 1
3471 127 1
3472 127 1
3473 127 1
3474 127 1
3475 127 1
3476 127 1
3477 127 1
3478 127 1
3479 127 1
3480 127 1
3481 127 1
3482 127 1
3483 127 1
3484 127 1
3485 127 1
3486 127 1
3487 127 1
3488 127 1
3489 127 1
3490 127 1
3491 127 1
3492 127 1
3493 127 1
3494 127 1
3495 127 1
3496 127 1
3497 127 1
3498 127 1
3499 127 1
3500 127 1
3501 127 1
3502 127 1
3503 127 1
3504 127 1
3505 127 1
3506 127 1
3507 127 1
3508 127 1
3509 127 1
3510 127 1
3511 127 1
3512 127 1
3513 127 1
3514 127 1
3515 127 1
3516 127 1
3517 127 1
3518 127 1
3519 127 1
3520 127 1
3521 127 1
3522 127 1
3523 127 1
3524 127 1
3525 127 1
3526 127 1
3527 127 1
3528 127 1
3529 127 1
3530 127 1
3531 127 1
3532 127 1
3533 127 1
3534 127 1
3535 127 1
3536 127 1
3537 127 1
3538 127 1
3539 127 1
3540 127 1
3541 127 1
3542 127 1
3543 127 1
3544 127 1
3545 127 1
3546 127 1
3547 127 1
3548 127 1
3549 127 1
3550 127 1
3551 127 1
3552 127 1
3553 127 1
3554 127 1
3555 127 1
3556 127 1
3557 127 1
3558 127 1
3559 127 1
3560 127 1
3561 127 1
3562 127 1
3563 127 1
3564 127 1
3565 127 1
3566 127 1
3567 127 1
3568 127 1
3569 127 1
3570 127 1
3571 127 1
3572 127 1
3573 127 1
3574 127 1
3575 127 1
3576 127 1
3577 127 1
3578 127 1
3579 127 1
3580 127 1
3581 127 1
3582 127 1
3583 127 1
3584 127 1
3585 127 1
3586 127 1
3587 127 1
3588 127 1
3589 127 1
3590 127 1
3591 127 1
3592 127 1
3593 127 1
3594 127 1
3595 127 1
3596 127 1
3597 127 1
3598 127 1
3599 127 1
3600 127 1
3601 127 1
3602 127 1
3603 127 1
3604 127 1
3605 127 1
3606 127 1
3607 127 1
3608 127 1
3609 127 1
3610 127 1
3611 127 1
3612 127 1
3613 127 1
3614 127 1
3615 127 1
3616 127 1
3617 127 1
3618 127 1
3619 127 1
3620 127 1
3621 127 1
3622 127 1
3623 127 1
3624 127 1
3625 127 1
3626 127 1
3627 127 1
3628 127 1
3629 127 1
3630 127 1
3631 127 1
3632 127 1
3633 127 1
3634 127 1
3635 127 1
3636 127 1
3637 127 1
3638 127 1
3639 127 1
3640 127 1
3641 127 1
3642 127 1
3643 127 1
3644 127 1
3645 127 1
3646 127 1
3647 127 1
3648 127 1
3649 127 1
3650 127 1
3651 127 1
3652 127 1
3653 127 1
3654 127 1
3655 127 1
3656 127 1
3657 127 1
3658 127 1
3659 127 1
3660 127 1
3661 127 1
3662 127 1
3663 127 1
3664 127 1
3665 127 1
3666 127 1
3667 127 1
3668 127 1
3669 127 1
3670 127 1
3671 127 1
3672 127 1
3673 127 1
3674 127 1
3675 127 1
3676 127 1
3677 127 1
3678 127 1
3679 127 1
3680 127 1
3681 127 1
3682 127 1
3683 127 1
3684 127 1
3685 127 1
3686 127 1
3687 127 1
3688 127 1
3689 127 1
3690 127 1
3691 127 1
3692 127 1
3693 127 1
3694 127 1
3695 127 1
3696 127 1
3697 127 1
3698 127 1
3699 127 1
3700 127 1
3701 127 1
3702 127 1
3703 127 1
3704 127 1
3705 127 1
3706 127 1
3707 127 1
3708 127 1
3709 127 1
3710 127 1
3711 127 1
3712 127 1
3713 127 1
3714 127 1
3715 127 1
3716 127 1
3717 127 1
3718 127 1
3719 127 1
3720 127 1
3721 127 1
3722 127 1
3723 127 1
3724 127 1
3725 127 1
3726 127 1
3727 127 1
3728 127 1
3729 127 1
3730 127 1
3731 127 1
3732 127 1
3733 127 1
3734 127 1
3735 127 1
3736 127 1
3737 127 1
3738 127 1
3739 127 1
3740 127 1
3741 127 1
3742 127 1
3743 127 1
3744 127 1
3745 127 1
3746 127 1
3747 127 1
3748 127 1
3749 127 1
3750 127 1
3751 127 1
3752 127 1
3753 127 1
3754 127 1
3755 127 1
3756 127 1
3757 127 1
3758 127 1
3759 127 1
3760 127 1
3761 127 1
3762 127 1
3763 127 1
3764 127 1
3765 127 1
3766 127 1
3767 127 1
3768 127 1
3769 127 1
3770 127 1
3771 127 1
3772 127 1
3773 127 1
3774 127 1
3775 127 1
3776 127 1
3777 127 1
3778 127 1
3779 127 1
3780 127 1
3781 127 1
3782 127 1
3783 127 1
3784 127 1
3785 127 1
3786 127 1
3787 127 1
3788 127 1
3789 127 1
3790 127 1
3791 127 1
3792 127 1
3793 127 1
3794 127 1
3795 127 1
3796 127 1
3797 127 1
3798 127 1
3799 127 1
3800 127 1
3801 127 1
3802 127 1
3803 127 1
3804 127 1
3805 127 1
3806 127 1
3807 127 1
3808 127 1
3809 127 1
3810 127 1
3811 127 1
3812 127 1
3813 127 1
3814 127 1
3815 127 1
3816 127 1
3817 127 1
3818 127 1
3819 127 1
3820 127 1
3821 127 1
3822 127 1
3823 127 1
3824 127 1
3825 127 1
3826 127 1
3827 127 1
3828 127 1
3829 127 1
3830 127 1
3831 127 1
3832 127 1
3833 127 1
3834 127 1
3835 127 1
3836 127 1
3837 127 1
3838 127 1
3839 127 1
3840 127 1
3841 127 1
3842 127 1
3843 127 1
3844 127 1
3845 127 1
3846 127 1
3847 127 1
3848 127 1
3849 127 1
3850 127 1
3851 127 1
3852 127 1
3853 127 1
3854 127 1
3855 127 1
3856 127 1
3857 127 1
3858 127 1
3859 127 1
3860 127 1
3861 127 1
3862 127 1
3863 127 1
3864 127 1
3865 127 1
3866 127 1
3867 127 1
3868 127 1
3869 127 1
3870 127 1
3871 127 1
3872 127 1
3873 127 1
3874 127 1
3875 127 1
3876 127 1
3877 127 1
3878 127 1
3879 127 1
3880 127 1
3881 127 1
3882 127 1
3883 127 1
3884 127 1
3885 127 1
3886 127 1
3887 127 1
3888 127 1
3889 127 1
3890 127 1
3891 127 1
3892 127 1
3893 127 1
3894 127 1
3895 127 1
3896 127 1
3897 127 1
3898 127 1
3899 127 1
3900 127 1
3901 127 1
3902 127 1
3903 127 1
3904 127 1
3905 127 1
3906 127 1
3907 127 1
3908 127 1
3909 127 1
3910 127 1
3911 127 1
3912 127 1
3913 127 1
3914 127 1
3915 127 1
3916 127 1
3917 127 1
3918 127 1
3919 127 1
3920 127 1
3921 127 1
3922 127 1
3923 127 1
3924 127 1
3925 127 1
3926 127 1
3927 127 1
3928 127 1
3929 127 1
3930 127 1
3931 127 1
3932 127 1
3933 127 1
3934 127 1
3935 127 1
3936 127 1
3937 127 1
3938 127 1
3939 127 1
3940 127 1
3941 127 1
3942 127 1
3943 127 1
3944 127 1
3945 127 1
3946 127 1
3947 127 1
3948 127 1
3949 127 1
3950 127 1
3951 127 1
3952 127 1
3953 127 1
3954 127 1
3955 127 1
3956 127 1
3957 127 1
3958 127 1
3959 127 1
3960 127 1
3961 127 1
3962 127 1
3963 127 1
3964 127 1
3965 127 1
3966 127 1
3967 127 1
3968 127 1
3969 127 1
3970 127 1
3971 127 1
3972 127 1
3973 127 1
3974 127 1
3975 127 1
3976 127 1
3977 127 1
3978 127 1
3979 127 1
3980 127 1
3981 127 1
3982 127 1
3983 127 1
3984 127 1
3985 127 1
3986 127 1
3987 127 1
3988 127 1
3989 127 1
3990 127 1
3991 127 1
3992 127 1
3993 127 1
3994 127 1
3995 127 1
3996 127 1
3997 127 1
3998 127 1
3999 127 1
4000 127 1
4001 127 1
4002 127 1
4003 127 1
4004 127 1
4005 127 1
4006 127 1
4007 127 1
4008 127 1
4009 127 1
4010 127 1
4011 127 1
4012 127 1
4013 127 1
4014 127 1
4015 127 1
4016 127 1
4017 127 1
4018 127 1
4019 127 1
4020 127 1
4021 127 1
4022 127 1
4023 127 1
4024 127 1
4025 127 1
4026 127 1
4027 127 1
4028 127 1
4029 127 1
4030 127 1
4031 127 1
4032 127 1
4033 127 1
4034 127 1
4035 127 1
4036 127 1
4037 127 1
4038 127 1
4039 127 1
4040 127 1
4041 127 1
4042 127 1
4043 127 1
4044 127 1
4045 127 1
4046 127 1
4047 127 1
4048 127 1
4049 127 1
4050 127 1
4051 127 1
4052 127 1
4053 127 1
4054 127 1
4055 127 1
4056 127 1
4057 127 1
4058 127 1
4059 127 1
4060 127 1
4061 127 1
4062 127 1
4063 127 1
4064 127 1
4065 127 1
4066 127 1
4067 127 1
4068 127 1
4069 127 1
4070 127 1
4071 127 1
4072 127 1
4073 127 1
4074 127 1
4075 127 1
4076 127 1
4077 127 1
4078 127 1
4079 127 1
4080 127 1
4081 127 1
4082 127 1
4083 127 1
4084 127 1
4085 127 1
4086 127 1
4087 127 1
4088 127 1
4089 127 1
4090 127 1
4091 127 1
4092 127 1
4093 127 1
4094 127 1
4095 127 1
4095 0 1
4095 1 1
4095 2 1
4095 3 1
4095 4 1
4095 5 1
4095 6 1
4095 7 1
4095 8 1
4095 9 1
4095 10 1
4095 11 1
4095 12 1
4095 13 1
4095 14 1
4095 15 1
4095 16 1
4095 17 1
4095 18 1
4095 19 1
4095 20 1
4095 21 1
4095 22 1
4095 23 1
4095 24 1
4095 25 1
4095 26 1
4095 27 1
4095 28 1
4095 29 1
4095 30 1
4095 31 1
4095 32 1
4095 33 1
4095 34 1
4095 35 1
4095 36 1
4095 37 1
4095 38 1
4095 39 1
4095 40 1
4095 41 1
4095 42 1
4095 43 1
4095 44 1
4095 45 1
4095 46 1
4095 47 1
4095 48 1
4095 49 1
4095 50 1
4095 51 1
4095 52 1
4095 53 1
4095 54 1
4095 55 1
4095 56 1
4095 57 1
4095 58 1
4095 59 1
4095 60 1
4095 61 1
4095 62 1
4095 63 1
4095 64 1
4095 65 1
4095 66 1
4095 67 1
4095 68 1
4095 69 1
4095 70 1
4095 71 1
4095 72 1
4095 73 1
4095 74 1
4095 75 1
4095 76 1
4095 77 1
4095 78 1
4095 79 1
4095 80 1
4095 81 1
4095 82 1
4095 83 1
4095 84 1
4095 85 1
4095 86 1
4095 87 1
4095 88 1
4095 89 1
4095 90 1
4095 91 1
4095 92 1
4095 93 1
4095 94 1
4095 95 1
4095 96 1
4095 97 1
4095 98 1
4095 99 1
4095 100 1
4095 101 1
4095 102 1
4095 103 1
4095 104 1
4095 105 1
4095 106 1
4095 107 1
4095 108 1
4095 109 1
4095 110 1
4095 111 1
4095 112 1
4095 113 1
4095 114 1
4095 115 1
4095 116 1
4095 117 1
4095 118 1
4095 119 1
4095 120 1
4095 121 1
4095 122 1
4095 123 1
4095 124 1
4095 125 1
4095 126 1
4095 127 1
0 0 1
0 1 1
0 2 1
0 3 1
0 4 1
0 5 1
0 6 1
0 7 1
0 8 1
0 9 1
0 10 1
0 11 1
0 12 1
0 13 1
0 14 1
0 15 1
0 16 1
0 17 1
0 18 1
0 19 1
0 20 1
0 21 1
0 22 1
0 23 1
0 24 1
0 25 1
0 26 1
0 27 1
0 28 1
0 29 1
0 30 1
0 31 1
0 32 1
0 33 1
0 34 1
0 35 1
0 36 1
0 37 1
0 38 1
0 39 1
0 40 1
0 41 1
0 42 1
0 43 1
0 44 1
0 45 1
0 46 1
0 47 1
0 48 1
0 49 1
0 50 1
0 51 1
0 52 1
0 53 1
0 54 1
0 55 1
0 56 1
0 57 1
0 58 1
0 59 1
0 60 1
0 61 1
0 62 1
0 63 1
0 64 1
0 65 1
0 66 1
0 67 1
0 68 1
0 69 1
0 70 1
0 71 1
0 72 1
0 73 1
0 74 1
0 75 1
0 76 1
0 77 1
0 78 1
0 79 1
0 80 1
0 81 1
0 82 1
0 83 1
0 84 1
0 85 1
0 86 1
0 87 1
0 88 1
0 89 1
0 90 1
0 91 1
0 92 1
0 93 1
0 94 1
0 95 1
0 96 1
0 97 1
0 98 1
0 99 1
0 100 1
0 101 1
0 102 1
0 103 1
0 104 1
0 105 1
0 106 1
0 107 1
0 108 1
0 109 1
0 110 1
0 111 1
0 112 1
0 113 1
0 114 1
0 115 1
0 116 1
0 117 1
0 118 1
0 119 1
0 120 1
0 121 1
0 122 1
0 123 1
0 124 1
0 125 1
0 126 1
0 127 1
1024 0 1
1024 1 1
1024 2 1
1024 3 1
1024 4 1
1024 5 1
1024 6 1
1024 7 1
1024 8 1
1024 9 1
1024 10 1
1024 11 1
1024 12 1
1024 13 1
1024 14 1
1024 15 1
1024 16 1
1024 17 1
1024 18 1
1024 19 1
1024 20 1
1024 21 1
1024 22 1
1024 23 1
1024 24 1
1024 25 1
1024 26 1
1024 27 1
1024 28 1
1024 29 1
1024 30 1
1024 31 1
1024 32 1
1024 33 1
1024 34 1
1024 35 1
1024 36 1
1024 37 1
1024 38 1
1024 39 1
1024 40 1
1024 41 1
1024 42 1
1024 43 1
1024 44 1
1024 45 1
1024 46 1
1024 47 1
1024 48 1
1024 49 1
1024 50 1
1024 51 1
1024 52 1
1024 53 1
1024 54 1
1024 55 1
1024 56 1
1024 57 1
1024 58 1
1024 59 1
1024 60 1
1024 61 1
1024 62 1
1024 63 1
1024 64 1
1024 65 1
1024 66 1
1024 67 1
1024 68 1
1024 69 1
1024 70 1
1024 71 1
1024 72 1
1024 73 1
1024 74 1
1024 75 1
1024 76 1
1024 77 1
1024 78 1
1024 79 1
1024 80 1
1024 81 1
1024 82 1
1024 83 1
1024 84 1
1024 85 1
1024 86 1
1024 87 1
1024 88 1
1024 89 1
1024 90 1
1024 91 1
1024 92 1
1024 93 1
1024 94 1
1024 95 1
1024 96 1
1024 97 1
1024 98 1
1024 99 1
1024 100 1
1024 101 1
1024 102 1
1024 103 1
1024 104 1
1024 105 1
1024 106 1
1024 107 1
1024 108 1
1024 109 1
1024 110 1
1024 111 1
1024 112 1
1024 113 1
1024 114 1
1024 115 1
1024 116 1
1024 117 1
1024 118 1
1024 119 1
1024 120 1
1024 121 1
1024 122 1
1024 123 1
1024 124 1
1024 125 1
1024 126 1
1024 127 1
2048 0 1
2048 1 1
2048 2 1
2048 3 1
2048 4 1
2048 5 1
2048 6 1
2048 7 1
2048 8 1
2048 9 1
2048 10 1
2048 11 1
2048 12 1
2048 13 1
2048 14 1
2048 15 1
2048 16 1
2048 17 1
2048 18 1
2048 19 1
2048 20 1
2048 21 1
2048 22 1
2048 23 1
2048 24 1
2048 25 1
2048 26 1
2048 27 1
2048 28 1
2048 29 1
2048 30 1
2048 31 1
2048 32 1
2048 33 1
2048 34 1
2048 35 1
2048 36 1
2048 37 1
2048 38 1
2048 39 1
2048 40 1
2048 41 1
2048 42 1
2048 43 1
2048 44 1
2048 45 1
2048 46 1
2048 47 1
2048 48 1
2048 49 1
2048 50 1
2048 51 1
2048 52 1
2048 53 1
2048 54 1
2048 55 1
2048 56 1
2048 57 1
2048 58 1
2048 59 1
2048 60 1
2048 61 1
2048 62 1
2048 63 1
2048 64 1
2048 65 1
2048 66 1
2048 67 1
2048 68 1
2048 69 1
2048 70 1
2048 71 1
2048 72 1
2048 73 1
2048 74 1
2048 75 1
2048 76 1
2048 77 1
2048 78 1
2048 79 1
2048 80 1
2048 81 1
2048 82 1
2048 83 1
2048 84 1
2048 85 1
2048 86 1
2048 87 1
2048 88 1
2048 89 1
2048 90 1
2048 91 1
2048 92 1
2048 93 1
2048 94 1
2048 95 1
2048 96 1
2048 97 1
2048 98 1
2048 99 1
2048 100 1
2048 101 1
2048 102 1
2048 103 1
2048 104 1
2048 105 1
2048 106 1
2048 107 1
2048 108 1
2048 109 1
2048 110 1
2048 111 1
2048 112 1
2048 113 1
2048 114 1
2048 115 1
2048 116 1
2048 117 1
2048 118 1
2048 119 1
2048 120 1
2048 121 1
2048 122 1
2048 123 1
2048 124 1
2048 125 1
2048 126 1
2048 127 1
